500 502 509   
501 503  
502 504  
503 505  
504 506  
505 507 509  
506 508  
500 507 509   
501 506 508   
505 511 518   
510 512 517   
511 513 519   
512 514 520   
513 515 519 528   
514 516 529  
515 517 519 
512 514 516  
513 521 526 528   
520 522 
521 523 526  
522 524 531  
523 525 
524 527 538  
522 520 527  
526 528 530 525   
520 529 527 514   
528 530 515  
529 527 539  
523 538 532 
531 533 537  
532 534 
533 535 541  
534 536 542  
535 537 543  
532 536 538  
531 537 539  
530 538 540  
539 536 544  
534 542 547  
541 535 543  
542 536 544  
543 540 545  
544 546 556  
547 545 548  
541 546 549  
546 552 555  
547 533 550  
549 551 561  
550 552 562  
551 553 548  
552 554 563  
553 555 565  
548 556 554  
545 555 557  
558 556 665  
557 559 
560 564 558 755   
561 562 559  
560 550 566  
560 563 551  
562 564 553  
563 559 565  
554 564 557  
561 549 567  
566 570 568  
569
567 571 573  
570 572 
571 573 
568 575 581  
574 576 
575 577 580  
576 578 
577 579 588  
578 580 587  
579 584 576 581   
580 582 574  
581 583 659  
582 584 595  
583 580 587 585   
584 586 594  
585 587 590 592   
586 584 579 588   
587 578 589  
588 590 
589 591 586  
590 592 
591 586 593  
592 594 599  
593 585 595  
594 583 596  
595 597 
596 598 
597 599 
598 593 600  
599 601 639  
600 602 
601 603 640  
602 604 
603 605 
604 606 
605 607 635  
606 608 
607 609 
608 610 
609 611 
610 612 616  
611 613 615  
612 614 
613 615 619  
614 612 616 618   
611 615 617  
616 618 606  
617 615 619  
614 618 620  
619 628 621  
620 622 627  
621 623 
622 624 
623 625 
624 623 626 654   
625 627 654 649 650 652   
621 626 628  
627 620 629 649   
628 630 618  
629 617 631 649   
630 634 633 648 647   
631 633 610  
631 632 634 646   
633 608 635 645   
634 606 636  
635 637 644  
636 638 643  
637 642 639  
638 641 640 600   
639 602 604  
639 642 
641 638 
637 658 
657 645 636  
653 644 634 646   
645 633 647  
648 651 646 631   
649 647 650 631   
648 628 630 626   
648 651 626  
652 650 617  
651 626 655 653  
652 656 645  
625 626 655  
654 652 656  
655 653 657  
656 644 658  
657 659 643  
658 643 582  
622 661 670  
660 662 663  
661 669 
661 667 664  
663 665 
664 665 
665 664 667 677   
666 663 668 674   
667 669 672  
662 668 670 672   
660 669 671  
670 672 690  
668 669 671 673   
672 689 674  
673 667 675  
674 666 676  
675 677 686  
666 676 678  
677 679 686  
678 684 680  
679 708 681  
680 682 
681 683 705 708   
708 682 707  
679 708 685  
684 686 707  
678 676 687 685   
686 688 
687 707 689 697   
688 673 690 696   
671 689 691 625   
690 696 692  
691 695 693  
692 694 
693 695 702 698   
691 689 695 697   
688 696 698 706   
697 695 694 701   
697 700 706  
699 704 701  
700 698 702  
694 701 703  
702
700 705 
705 707 699  
706 688 683 685   
728 209 
708 729 710  
709 730 711  
710 731 712  
711 740 713  
712 714 
713 510 
682 708 
705 728 
700 726 
701 725   
713 740 715  
714 739 716  
715 741 717  
716 742 718  
717
720 744 
719 721 
720 722 
721 723 
722 724 
723 725 
724 736 
725 727 
726 728 
708 727 
709 729 
710 729 731  
711 730 732  
731 740 733  
732 734 738  
733 737 735  
734 736 
735 725 737  
734 736 738  
737 733 739  
715 738 740 741   
712 714 732 739   
716 739 742  
717 741 743  
742 744 
719 743 
709 746 
745 747 
746 748 
747 749 
748 750 
749 712 
752 776 
751 753 775  
752 754 762  
753 755 761  
754 760 
757 758 
756 758 
756 757 759  
753 760 766  
755 759 761  
754 760 762  
753 761 763  
762 759 764  
763 765 
764 766 769  
759 765 768  
768
766 769 770  
768 798 
768 803 799  
803 802 772  
771 783 773  
772 774 
764 776 773  
752 768 776  
775 751 777  
776 778 779  
777 764 775 780   
777 780 781  
778 779 782  
779 782 
780 781 783  
772 782 784  
783 785 802  
784 786 
785 787 
786 790 
789
788 790 
787 789 791  
790 786 792  
791 785 
795 801 
795
794 793 796  
797 795 
796 798 
797 799 769  
798 797 800 770   
799 801 803  
800 802 793  
801 784 771  
804 808 
803 807 805  
804 806 
805 823 807  
804 806 808  
803 807 809  
810 808 812  
809 813 811  
810 812 817  
809 811 819  
806 810 814  
813 815 
814 816 
815 817 823  
811 816 818  
817 819 820  
812 818 
818 821 
820 823 822  
821 824 825 837   
816 821 824  
823 822 826  
822 827 836  
824 827 
825 826 828 835   
827 829 838  
828 830 
829 831 
832 838 832  
831 833 
834 832 
833 835 
834 836 838 827   
835 837 825  
822 820 836  
835 831 828  
840
842 845 839  
840 842 846  
841 843 
842 844 862  
843 866 
840 846 847  
841 845 848  
845 848 849  
846 847 850  
847 850 851  
849 848 852 858   
849 852 
851 850 854  
854 855 
852 853 857  
853 856 
855 859 
854 858 
857 850 861 859   
658 656 664  
861 848 
860 858 862  
860 861 843 863   
862 864 866  
863 865 859  
862 864 866  
863 865 859  
864 889 885  
844 863 870 867   
866 868 872  
867 869 873  
868 874 
866 871 
870 872 875  
867 871 873 877   
868 872 874 878   
869 873 881  
871 879 876  
875 877 880  
876 878 872  
873 877 
875 891 
876 882 881  
880 884 874  
880 883 
882 884 
883 881 
865 887 886  
885 888 893  
885 888 
886 887 894  
865 890 
891
890 879 892  
891 898 895  
894
893 888 895  
894 892 899  
897
896 898 
892 897 
895
901 902 
900
900 903 
902 904 
903 905 
904 906 
905 907 908  
906 913 
906 909 910  
907 908 911  
908 921 920  
909 910 931 933   
936 914 
907 916 914  
913 917 915  
914 918 912  
913 917 
916 914 918  
917 915 
920 922 
919 910 923  
910 911 928  
919 924 936  
920 924 926  
922 923 925  
922 923 925  
924 926 
923 925 927  
926 928 
927 929 
928 930 
929 931 934  
911 930 932  
933 931 934  
911 932 912  
930 932 935  
934 912 
922 936 938  
938 939 
936 937 940  
937
938 941 
940 942 
941 944 943  
942 947 
942 947 945  
944 946 
943 944 946  
946 949 
948
852 951 
950 952 955  
951 953 
952 954 
953 955 
954 951 956  
955 957 
956 958 
959 969 
958 960 
959 961 
960 962 
961 963 
962 964 968  
963 965 
964 968 967  
967
965 966 
963 965 
958 970 974  
969 971 
970 972 975  
971 973 899  
974 972 894  
969 893 973  
971 976 977  
975 978 
976 979 990  
978 980 
979 981 995  
980
983 988 
983 988 
982 990 984  
983 985 
984 987 986  
985 999 
982 897 991  
896 992 987  
978 983 
992 988 999  
989 991 993  
994 992 
993
980 996 
995 997 
996 998 
997 999 
998 986 991