[-12.108639945326672, -77.035639908647]
[-12.10932994359608, -77.03470993648968]
[-12.110059965453132, -77.03528988037039]
[-12.111599972523564, -77.0357299302871]
[-12.112679938838198, -77.03574987921665]
[-12.113279957377017, -77.03575993750047]
[-12.113979972020715, -77.03578994471384]
[-12.114829938912223, -77.03577988643002]
[-12.11586996545823, -77.03582992639198]
[-12.11686996841658, -77.03580989364339]
[-12.117959951105505, -77.03581995192721]
[-12.118979944902932, -77.03582992639198]
[-12.120159949231962, -77.03583990085676]
[-12.121249973830416, -77.03583990085676]
[-12.122279942092618, -77.03585993360535]
[-12.123359950316768, -77.0361799546686]
[-12.124379944114196, -77.03585993360535]
[-12.124959971813936, -77.03587988253491]
[-12.126009972824718, -77.0358999152835]
[-12.126689954719822, -77.03590988974828]
[-12.126629940293085, -77.03629989970302]
[-12.12603993812857, -77.03668990965778]
[-12.125559948443225, -77.0369399418295]
[-12.124949955439632, -77.03694991629429]
[-12.124359953275118, -77.03695989075906]
[-12.1233299431034, -77.03697992350766]
[-12.12225995125354, -77.03695989075906]
[-12.121229941081822, -77.0370199051858]
[-12.120139958392897, -77.03708989407731]
[-12.119049954749201, -77.0370399379344]
[-12.117959951105505, -77.03704991239917]
[-12.117089951465417, -77.03704991239917]
[-12.116239942664393, -77.03714492127166]
[-12.116489974836114, -77.03705988686394]
[-12.115519937181617, -77.03705988686394]
[-12.114819964447435, -77.0368499201894]
[-12.114009937324568, -77.03681991297604]
[-12.11321994295028, -77.0370199051858]
[-12.113459764377113, -77.03681305310798]
[-12.1122499472053, -77.03700993072103]
[-12.111589956149274, -77.03676995683311]
[-12.110644959430509, -77.03706491600585]
[-12.109729969925127, -77.03754989292358]
[-12.110519964299414, -77.03837995279505]
[-12.11124994424695, -77.03764988902847]
[-12.112239972740525, -77.03843988340276]
[-12.112239972740525, -77.0379899428403]
[-12.113199952111202, -77.03802992451844]
[-12.114079968125594, -77.03805993173181]
[-12.114819964447435, -77.03807988066137]
[-12.115499946342553, -77.03809991340995]
[-12.116239942664393, -77.03810988787474]
[-12.117089951465417, -77.03809991340995]
[-12.117929943892136, -77.03809991340995]
[-12.118949937689564, -77.03809991340995]
[-12.12011996755382, -77.03810988787474]
[-12.121039965246354, -77.03811994615855]
[-12.121219966617048, -77.03811994615855]
[-12.121219966617048, -77.03791995394879]
[-12.122249976788765, -77.0379899428403]
[-12.1233299431034, -77.03800989176986]
[-12.123959968855587, -77.03800989176986]
[-12.1233299431034, -77.0389998783539]
[-12.123259954211889, -77.03905989278064]
[-12.122249976788765, -77.03903994385108]
[-12.121219966617048, -77.0390199111025]
[-12.12011996755382, -77.03900993663771]
[-12.119099973756406, -77.03900993663771]
[-12.117929943892136, -77.0389998783539]
[-12.117089951465417, -77.03897992942434]
[-12.116219951825315, -77.03895989667576]
[-12.115479955503474, -77.03894992221097]
[-12.114809948073145, -77.03894992221097]
[-12.114099958964673, -77.0389399477462]
[-12.11412996617804, -77.03990990158167]
[-12.113179961272138, -77.03917992163412]
[-12.112659947999134, -77.0397099093719]
[-12.112209965527157, -77.04014987546958]
[-12.111379947565212, -77.03929995048759]
[-12.110669958456725, -77.03999992322177]
[-12.109789942442347, -77.03907992552924]
[-12.109069978869087, -77.03977989826342]
[-12.10833995701202, -77.04047995481662]
[-12.109209956652123, -77.04139995250917]
[-12.109949952973963, -77.04069989595595]
[-12.110789945400683, -77.04155987922175]
[-12.111469969205316, -77.04086988095234]
[-12.11164997057601, -77.04244995351995]
[-12.111969949729726, -77.04212993245672]
[-12.11305997432818, -77.04103994976778]
[-12.113539964013512, -77.04053988542432]
[-12.114429954492692, -77.04143993418731]
[-12.115159976349759, -77.04072990316932]
[-12.114709951968265, -77.04036990042793]
[-12.114809948073145, -77.04021994818012]
[-12.115339977720438, -77.0395399243755]
[-12.11619996098625, -77.04008994486188]
[-12.117079977000628, -77.04007988657806]
[-12.117919969427362, -77.04007988657806]
[-12.118754953666944, -77.04019492819914]
[-12.12009997671474, -77.04010989379142]
[-12.12119997577797, -77.04013990100479]
[-12.121779961568194, -77.04014987546958]
[-12.122309949305986, -77.03974989105005]
[-12.122669952047374, -77.04025992985827]
[-12.121889974047377, -77.04077994313127]
[-12.12182995962064, -77.04081992480943]
[-12.12118995940368, -77.04079989206083]
[-12.12118995940368, -77.04066988874258]
[-12.121049939711142, -77.04079989206083]
[-12.120196824236599, -77.04140853780166]
[-12.120539942812428, -77.0416999408238]
[-12.12009997671474, -77.04168988254]
[-12.12009997671474, -77.04129995640427]
[-12.12008996034045, -77.04077994313127]
[-12.120077327818233, -77.04126786519546]
[-12.118909956011407, -77.04112988758885]
[-12.117919969427362, -77.04112988758885]
[-12.117079977000628, -77.04111991312406]
[-12.116179970147172, -77.04111991312406]
[-12.116169953772882, -77.04153993029219]
[-12.11553996993021, -77.04221995409681]
[-12.114829938912223, -77.04292990129578]
[-12.113909941219688, -77.04195994746031]
[-12.114099958964673, -77.04362995784899]
[-12.113759947062363, -77.04394989509319]
[-12.1133899698562, -77.04431995611839]
[-12.113249950163649, -77.04444987561762]
[-12.112659947999134, -77.04502990331736]
[-12.110899957879866, -77.0431698751837]
[-12.110559945977556, -77.04364990677854]
[-12.110439959033599, -77.04441995222328]
[-12.11057824027939, -77.04632232064257]
[-12.110919948718944, -77.04675992813276]
[-12.111219978943097, -77.04647988874767]
[-12.111949958890648, -77.04576994154871]
[-12.112569968268545, -77.04639992539137]
[-12.113259966537939, -77.04566994544383]
[-12.113259966537939, -77.04566994544383]
[-12.113259966537939, -77.04566994544383]
[-12.114009937324568, -77.04495991442583]
[-12.11472994280733, -77.04427989062121]
[-12.115449948290106, -77.04356994342226]
[-12.116159937398578, -77.04288991961762]
[-12.116859952042276, -77.04218994688344]
[-12.117069960626338, -77.04195994746031]
[-12.117069960626338, -77.04195994746031]
[-12.117929943892136, -77.0423199502017]
[-12.117929943892136, -77.0423199502017]
[-12.117929943892136, -77.04166993361044]
[-12.118899939637117, -77.04167990807522]
[-12.118894973359488, -77.04305491738162]
[-12.119489941801632, -77.04233989913125]
[-12.12008996034045, -77.04233989913125]
[-12.12117994302939, -77.04238993909321]
[-12.121169968564601, -77.04168988254]
[-12.122099940721924, -77.0416999408238]
[-12.121369960774373, -77.04258993130298]
[-12.12117994302939, -77.04238993909321]
[-12.120049978662308, -77.04321991514564]
[-12.120049978662308, -77.04321991514564]
[-12.120049978662308, -77.04321991514564]
[-12.120049978662308, -77.04321991514564]
[-12.119264971520408, -77.04380991731017]
[-12.118599951322466, -77.04413991283818]
[-12.118199966902935, -77.04356994342226]
[-12.117489977794463, -77.04282990519089]
[-12.116769972311687, -77.04353993620889]
[-12.116049966828925, -77.0442099017297]
[-12.115319944971858, -77.04491993274769]
[-12.114619972237676, -77.0456099310171]
[-12.114619972237676, -77.0456099310171]
[-12.113189977646428, -77.04703988369882]
[-12.112439964950283, -77.04775988918159]
[-12.11182997194669, -77.04711993087415]
[-12.11107995925056, -77.04787991803506]
[-12.110449975407889, -77.04721992697903]
[-12.109729969925127, -77.04791989971321]
[-12.110349937393494, -77.04851987634251]
[-12.109179949438754, -77.0484599457348]
[-12.109029955281429, -77.04860989798262]
[-12.108299975333878, -77.0493199290006]
[-12.108929959176535, -77.04997992005664]
[-12.109649964659312, -77.04926988903864]
[-12.109539952180128, -77.05061987836409]
[-12.110259957662905, -77.04989995670034]
[-12.110269974037195, -77.05137994934404]
[-12.110989937610455, -77.05066991832604]
[-12.111719959467521, -77.04996994559185]
[-12.110979963145681, -77.04919990014713]
[-12.111669961415075, -77.04849992741295]
[-12.11241997411122, -77.04926988903864]
[-12.113034954347192, -77.0485499254654]
[-12.11388995038061, -77.04778989639496]
[-12.114619972237676, -77.04708992366078]
[-12.115359968559517, -77.04637989264279]
[-12.11603995045462, -77.04568989437338]
[-12.116759955937397, -77.04497994717443]
[-12.117479961420173, -77.04426991615644]
[-12.118209941367724, -77.04505991053072]
[-12.11710994230448, -77.04615995150347]
[-12.118409975486998, -77.04525990274048]
[-12.11710994230448, -77.04615995150347]
[-12.116393820400853, -77.04458284107983]
[-12.11710994230448, -77.0460198899014]
[-12.11710994230448, -77.04615995150347]
[-12.117009946199602, -77.04669991370602]
[-12.116769972311687, -77.0464599398181]
[-12.11595994518882, -77.04699990202067]
[-12.116319947930208, -77.0473998864402]
[-12.115589967982658, -77.04809994299342]
[-12.11522996524127, -77.04772988196822]
[-12.11488995333896, -77.04880989019237]
[-12.114499943384203, -77.04842993852144]
[-12.11710994230448, -77.04615995150347]
[-12.11355995485259, -77.04909990404225]
[-12.111719959467521, -77.05143987995174]
[-12.110327607212016, -77.05149932658915]
[-12.127375524145707, -77.03235390630763]
[-12.107679965955981, -77.05028988283607]
[-12.106789975476815, -77.05161992323194]
[-12.1061999733123, -77.05248988096253]
[-12.107879958165753, -77.05383995410699]
[-12.107189959896345, -77.05448988687922]
[-12.106229938616153, -77.05518994343242]
[-12.106129942511274, -77.0552798812535]
[-12.105339948136987, -77.05600994502008]
[-12.105339948136987, -77.05600994502008]
[-12.10461994265421, -77.05668988500568]
[-12.10377995022749, -77.0574599304504]
[-12.108279942585284, -77.0534698930818]
[-12.102119956213102, -77.0578199331918]
[-12.101199958520567, -77.05759990823343]
[-12.100009937817234, -77.05698995713935]
[-12.099019951233188, -77.05644991111777]
[-12.097969950222392, -77.05592989784476]
[-12.098529945173553, -77.05465995569465]
[-12.098529945173553, -77.05465995569465]
[-12.099549938970966, -77.0553899356422]
[-12.099759947555029, -77.05490990404734]
[-12.100549941929316, -77.0558899161666]
[-12.100899970205916, -77.05512992900569]
[-12.10181996789845, -77.05648989279591]
[-12.102239943157059, -77.05537987735839]
[-12.102589971433673, -77.05686992828589]
[-12.103179973598188, -77.05556989510337]
[-12.10321995527633, -77.05718994934912]
[-12.103769975762702, -77.05638989669103]
[-12.104179976556537, -77.05578992006173]
[-12.104969970930824, -77.05593995612857]
[-12.105184291827552, -77.05515188638002]
[-12.104369952392005, -77.05490990404734]
[-12.10562996198685, -77.05472994458616]
[-12.10495995455652, -77.05442995627152]
[-12.104479964871189, -77.05427992020468]
[-12.103899937171448, -77.05418989856457]
[-12.103449954699471, -77.05412988413784]
[-12.10248997532878, -77.05399988081957]
[-12.10113994409383, -77.05387993578515]
[-12.099979972513381, -77.05377993968025]
[-12.098909938754005, -77.05366988529157]
[-12.099059974820847, -77.05297988702216]
[-12.099079965659925, -77.05224990707461]
[-12.100119950296417, -77.05308994141086]
[-12.100239937240374, -77.05238988485765]
[-12.101269947412078, -77.05319991198051]
[-12.10139995073034, -77.0525198881759]
[-12.10271997475192, -77.05264989149414]
[-12.102849978070168, -77.05244989928438]
[-12.104379968766295, -77.05267989870751]
[-12.105729958091743, -77.0532098864453]
[-12.106409939986847, -77.05377993968025]
[-12.104649949867579, -77.05184992265508]
[-12.103959951598185, -77.05170994487204]
[-12.102929941426467, -77.05143987995174]
[-12.10163996652777, -77.05138992380881]
[-12.100449945824437, -77.0512299132772]
[-12.098939945967373, -77.05085993607103]
[-12.0989299715026, -77.05065994386126]
[-12.098889947914927, -77.05015987951782]
[-12.098809942649126, -77.04777992193019]
[-12.099733171706768, -77.04311058913389]
[-12.098809942649126, -77.04777992193019]
[-12.098969953180742, -77.04695992034253]
[-12.099199952603882, -77.04585987936979]
[-12.09940996118793, -77.04479990389422]
[-12.099609953397703, -77.04372995395387]
[-12.099709949502582, -77.04324992235901]
[-12.100159973884075, -77.04070995423976]
[-12.100619972730343, -77.03800989176986]
[-12.100839955779179, -77.03808993894518]
[-12.10181996789845, -77.03838992725983]
[-12.10279993810822, -77.03853987950764]
[-12.10355996717864, -77.03872989725262]
[-12.10320993890204, -77.04024995539349]
[-12.1029799394789, -77.0413699452958]
[-12.102789963643431, -77.04218994688344]
[-12.102589971433673, -77.04305990461403]
[-12.102239943157059, -77.04457987893586]
[-12.102039950947301, -77.04537993159396]
[-12.102899976122615, -77.04639992539137]
[-12.103089951958083, -77.0456099310171]
[-12.103279969703067, -77.04480987835899]
[-12.103429963860393, -77.04414988730296]
[-12.103609965231087, -77.04330993678575]
[-12.103799941066555, -77.04242992077135]
[-12.103989958811553, -77.04158988643512]
[-12.104259939912822, -77.04052991095955]
[-12.104389943231084, -77.03994988325981]
[-12.104569944601778, -77.03896995495957]
[-12.103819973815149, -77.03880994442795]
[-12.104829951238273, -77.0389998783539]
[-12.105679960039296, -77.03913993995597]
[-12.10545997699046, -77.04019991543153]
[-12.105069967035703, -77.04185995135543]
[-12.10488996566501, -77.04267995294309]
[-12.104769978721052, -77.04312989350554]
[-12.104689973455237, -77.04355988513844]
[-12.103580638918656, -77.04638975266214]
[-12.104499955710253, -77.04439991947469]
[-12.104339945178637, -77.0450899177441]
[-12.104269956287126, -77.04542988773689]
[-12.104139952968865, -77.04589994486696]
[-12.102989955853204, -77.04677987706232]
[-12.102859952534956, -77.04803992856668]
[-12.1029799394789, -77.04893989351064]
[-12.103019963066572, -77.04989995670034]
[-12.103969967972475, -77.05044989336768]
[-12.104989961769888, -77.05085993607103]
[-12.105036760685753, -77.04920765398298]
[-12.105036760685753, -77.04920765398298]
[-12.110209999999938, -77.03653999999995]
[-12.127375524145707, -77.03235390630763]
[-12.105036760685753, -77.04920765398298]
[-12.105659969200218, -77.04751991529368]
[-12.106549959679384, -77.04770993303866]
[-12.108549965596083, -77.04809994299342]
[-12.108739941431551, -77.0473399558325]
[-12.107539946263444, -77.047079949196]
[-12.106719944675788, -77.04692991312916]
[-12.105879952249055, -77.046369918178]
[-12.105979948353948, -77.04580992322686]
[-12.10768994042077, -77.04623991485975]
[-12.108909968337471, -77.04652992870963]
[-12.109789942442347, -77.04675992813276]
[-12.109259954704555, -77.04491993274769]
[-12.10802995232308, -77.0446398933626]
[-12.106309943881968, -77.04424988340784]
[-12.106469954413583, -77.04349995453073]
[-12.105409978938013, -77.0432598968238]
[-12.108199937319469, -77.04389993895028]
[-12.109419965236171, -77.04416992005154]
[-12.109599966606865, -77.04342988182019]
[-12.109539952180128, -77.0427499418346]
[-12.108699959753409, -77.04187990028498]
[-12.108069975910738, -77.04122988369373]
[-12.106369958308704, -77.04215993967007]
[-12.105719941717439, -77.04198995467368]
[-12.106069969994053, -77.0403999076413]
[-12.107069972952388, -77.04018994096675]
[-12.107634955135936, -77.03958489328603]
[-12.107619951529244, -77.03946993548398]
[-12.107219967109714, -77.03952994991072]
[-12.106799949941603, -77.0385899194696]
[-12.107249974323082, -77.03786991398682]
[-12.109986515621857, -77.04073811975091]
[-12.108229944532837, -77.03902988556727]
[-12.108989973603272, -77.03825992394158]
[-12.10859996364853, -77.03768995452565]
[-12.1084399531169, -77.03704991239917]
[-12.107209950735424, -77.03709995236113]
[-12.106209947777074, -77.03716994125264]
[-12.105079941500478, -77.03716994125264]
[-12.104999978144193, -77.03792992841356]
[-12.103949977133396, -77.03777989234672]
[-12.102929941426467, -77.03763991456368]
[-12.101929938468118, -77.03750991124544]
[-12.100939951884072, -77.03737990792719]
[-12.100009937817234, -77.03724990460894]
[-12.098979969555032, -77.03712987575547]
[-12.09799995743576, -77.03657993908813]
[-12.096459950365343, -77.03574987921665]
[-12.096119938463033, -77.03688990186755]
[-12.09577996847024, -77.03823989119299]
[-12.095469963781284, -77.0393499066305]
[-12.095299978784894, -77.0399699160084]
[-12.09528996241059, -77.04086988095234]
[-12.095409949354547, -77.04171988975337]
[-12.09551996183373, -77.04252991687625]
[-12.095679972365346, -77.04361989956517]
[-12.095829966522672, -77.04474994775128]
[-12.095989977054288, -77.04587991211837]
[-12.09617995288977, -77.04703988369882]
[-12.096309956208017, -77.04814989913635]
[-12.095979960679998, -77.0481999390983]
[-12.096119938463033, -77.04929989625201]
[-12.096119938463033, -77.04929989625201]
[-12.096299939833727, -77.05028988283607]
[-12.096119938463033, -77.05049993332965]
[-12.096279948994649, -77.05158991601857]
[-12.096429943151975, -77.05263991702937]
[-12.096549972005448, -77.05342991140365]
[-12.096539955631144, -77.05385990303655]
[-12.09601994235814, -77.0549399112607]
[-12.096949956424979, -77.0553899356422]
[-12.09751996775043, -77.0543298763476]
[-12.097789948851698, -77.0535599147219]
[-12.098369976551439, -77.05360995468386]
[-12.098359960177149, -77.05235987764428]
[-12.097679978282045, -77.05244989928438]
[-12.097569965802862, -77.05139989827359]
[-12.097416333959606, -77.05033732471537]
[-12.097319975540657, -77.0491398857204]
[-12.097129957795673, -77.04805987749624]
[-12.097489960537061, -77.04799994688854]
[-12.09815996796739, -77.04788989249984]
[-12.098049955488207, -77.04677987706232]
[-12.097309959166367, -77.04686989870243]
[-12.097139974169963, -77.04571990158675]
[-12.097899961330882, -77.04562987994665]
[-12.097979966596696, -77.04563993823047]
[-12.098149951593086, -77.0445599300063]
[-12.097739950799266, -77.04448994111479]
[-12.096979963638347, -77.04456990447108]
[-12.096829969481021, -77.04344991456878]
[-12.097569965802862, -77.04334991846389]
[-12.09833996933807, -77.04348989624692]
[-12.098699972079459, -77.04198995467368]
[-12.099189978139094, -77.0398899526521]
[-12.099889950873276, -77.03775994341716]
[-12.097729976334477, -77.04219992134823]
[-12.096679975323696, -77.04233989913125]
[-12.096559946470222, -77.04153993029219]
[-12.096389961473832, -77.04054994370814]
[-12.09769996912111, -77.04133993808243]
[-12.097849963278435, -77.04140992697394]
[-12.09815996796739, -77.04021994818012]
[-12.096999954477411, -77.039799931012]
[-12.09757994026765, -77.03881991889273]
[-12.098409958229595, -77.03930992495236]
[-12.095459947406994, -77.03535995308094]
[-12.094579973302118, -77.03506993923106]
[-12.094029952815745, -77.03488989595085]
[-12.093519955917031, -77.03469987820587]
[-12.092349967962292, -77.03421993043004]
[-12.092489945745328, -77.03532994586757]
[-12.093979954763313, -77.03508988816063]
[-12.09376994617925, -77.03596990417502]
[-12.092599958224497, -77.0361799546686]
[-12.092899946539148, -77.03695989075906]
[-12.09353994675611, -77.0368499201894]
[-12.094709976620365, -77.03665990244441]
[-12.094829963564322, -77.03743992235393]
[-12.093009959018332, -77.03774988513335]
[-12.092939970126807, -77.03863987561252]
[-12.094959966882584, -77.03834994558169]
[-12.095079953826541, -77.0392598849904]
[-12.093059957070764, -77.0395399243755]
[-12.093179944014722, -77.04033989321456]
[-12.093289956493905, -77.04115989480222]
[-12.093579970343768, -77.04196992192509]
[-12.093509939542741, -77.04277994904797]
[-12.093679966448661, -77.04391988787982]
[-12.094589947766906, -77.04378988456158]
[-12.094019978350971, -77.04501992885257]
[-12.094739941924217, -77.0448998999991]
[-12.093989971137603, -77.04615995150347]
[-12.094169972508297, -77.04731992308392]
[-12.094509942501091, -77.0483899568433]
[-12.094649962193628, -77.04949988846178]
[-12.094789939976664, -77.05049993332965]
[-12.094759974672812, -77.05180994097694]
[-12.09560994156432, -77.05168991212346]
[-12.095769952095935, -77.05271988038567]
[-12.09517994993142, -77.05282993477435]
[-12.095269971571526, -77.05453992684117]
[-12.094809972725258, -77.05541994285556]
[-12.094369964718055, -77.05629987505093]
[-12.093989971137603, -77.05715994213575]
[-12.093809969766909, -77.0578899220833]
[-12.092302124877671, -77.03387033846981]
[-12.094739941924217, -77.05748993766377]
[-12.095139968253278, -77.05669994328949]
[-12.095579976260467, -77.0558199272751]
[-12.09651996479208, -77.05627992612136]
[-12.09608997315918, -77.05716991660053]
[-12.095679972365346, -77.05696992439077]
[-12.095269971571526, -77.05772991155169]
[-12.095089970200831, -77.05837992814294]
[-12.095439956567915, -77.05850993146119]
[-12.095709937669199, -77.05793987822624]
[-12.096609944522669, -77.05840993535631]
[-12.09751996775043, -77.05679993939437]
[-12.098579943225985, -77.05733990159693]
[-12.098969953180742, -77.05752991934192]
[-12.092364950614218, -77.05428490743707]
[-12.100769966887668, -77.05845989149924]
[-12.109315786188692, -77.05245712498348]
[-12.109315786188692, -77.05245712498348]
[-12.10039994777199, -77.05923991140874]
