[102, 65]
[158, -197]
[102, 65]
[170, -189]
[176, -178]
[170, -189]
[170, -189]
[182, -189]
[158, -197]
[158, -197]
[167, -196]
[170, -189]
[170, -189]
[170, -189]
[170, -189]
[534, -497]
[158, -197]
[158, -197]
[158, -197]
[158, -197]
[704, -658]
[170, -189]
[210, -208]
[]
[219, -216]
[219, -216]
[219, -216]
[]
[]
[210, -208]
[158, -197]
[102, 65]
[243, -187]
[249, -216]
[241, -235]
[253, -240]
[248, -243]
[241, -235]
[249, -216]
[243, -187]
[243, -187]
[158, -197]
[253, -240]
[251, -248]
[251, -248]
[158, -197]
[262, -243]
[262, -243]
[102, 65]
[264, -251]
[262, -243]
[264, -251]
[264, -251]
[264, -251]
[271, -253]
[270, -258]
[276, -264]
[158, -197]
[158, -197]
[287, -275]
[287, -275]
[287, -275]
[287, -275]
[102, 65]
[-2532, 979]
[-2532, 979]
[270, -258]
[262, -243]
[287, -275]
[250, -207]
[250, -207]
[258, -228]
[271, -224]
[102, 65]
[258, -228]
[287, -275]
[289, -203]
[294, -160]
[289, -203]
[299, -193]
[291, -190]
[294, -160]
[287, -275]
[287, -275]
[275, -154]
[294, -160]
[294, -160]
[291, -190]
[296, -182]
[296, -182]
[296, -182]
[102, 65]
[102, 65]
[291, -190]
[291, -190]
[294, -160]
[275, -154]
[275, -154]
[275, -154]
[284, -148]
[294, -160]
[294, -160]
[297, -135]
[302, -136]
[302, -136]
[284, -148]
[280, -35]
[280, -35]
[248, -118]
[267, -110]
[268, -86]
[334, -86]
[334, -86]
[288, -80]
[334, -86]
[312, -88]
[102, 65]
[312, -88]
[280, -35]
[280, -35]
[280, -35]
[285, -63]
[275, -61]
[287, -275]
[255, -104]
[268, -86]
[287, -275]
[275, -61]
[288, -80]
[285, -63]
[288, -80]
[265, -87]
[268, -86]
[268, -86]
[268, -86]
[267, -110]
[248, -118]
[248, -118]
[294, -160]
[294, -160]
[294, -160]
[284, -148]
[284, -148]
[102, 65]
[259, -126]
[248, -118]
[680, -535]
[285, -63]
[285, -63]
[285, -63]
[285, -63]
[268, -86]
[474, -583]
[275, -61]
[267, -110]
[287, -275]
[287, -275]
[680, -535]
[287, -275]
[287, -275]
[287, -275]
[268, -86]
[224, -74]
[224, -74]
[220, -50]
[201, -51]
[231, -119]
[231, -119]
[220, -50]
[242, -85]
[224, -74]
[223, -62]
[102, 65]
[224, -74]
[224, -74]
[220, -50]
[231, -119]
[199, -77]
[337, -675]
[-48045, -2590]
[337, -675]
[204, -109]
[248, -118]
[248, -118]
[204, -109]
[200, -96]
[210, -97]
[204, -87]
[204, -87]
[231, -119]
[254, -69]
[242, -85]
[242, -85]
[242, -85]
[680, -535]
[267, -110]
[474, -583]
[265, -87]
[102, 65]
[231, -119]
[221, -108]
[248, -118]
[231, -119]
[248, -118]
[248, -118]
[357, -235]
[248, -118]
[210, -97]
[204, -122]
[204, -109]
[204, -122]
[204, -122]
[204, -122]
[204, -122]
[204, -122]
[204, -122]
[357, -235]
[258, -171]
[258, -171]
[258, -171]
[249, -216]
[287, -275]
[287, -275]
[287, -275]
[287, -275]
[248, -118]
[248, -118]
[231, -119]
[248, -118]
[357, -235]
[248, -118]
[357, -235]
[357, -235]
[357, -235]
[357, -235]
[357, -235]
[357, -235]
[357, -235]
[231, -119]
[231, -119]
[231, -119]
[231, -119]
[357, -235]
[230, -162]
[230, -162]
[230, -162]
[230, -162]
[197, -127]
[102, 65]
[227, -140]
[102, 65]
[102, 65]
[230, -162]
[902, -525]
[902, -525]
[902, -525]
[-2532, 979]
[103, 73]
[290, -161]
[309, -255]
[309, -255]
[309, -255]
[249, 71]
[4, -30]
[-46, -53]
[309, -255]
[304, -178]
[304, -178]
[249, 71]
[315, -235]
[315, -235]
[238, -40]
[322, -234]
[322, -234]
[322, -234]
[102, 65]
[304, -178]
[536, -686]
[536, -686]
[304, -178]
[304, -178]
[275, 11]
[275, 11]
[321, -203]
[321, -203]
[321, -203]
[102, 65]
[102, 65]
[102, 65]
[102, 65]
[289, -203]
[335, -192]
[335, -192]
[335, -192]
[335, -192]
[249, 71]
[357, -235]
[357, -235]
[743, -728]
[238, -40]
[238, -40]
[249, 71]
[321, -203]
[351, -237]
[321, -203]
[284, -148]
[280, -35]
[302, -136]
[302, -136]
[302, -136]
[302, -136]
[102, 65]
[74, -277]
[303, -161]
[303, -161]
[320, -133]
[320, -133]
[357, -235]
[357, -235]
[-38, 38]
[301, -153]
[301, -153]
[301, -153]
[289, -176]
[187, -179]
[357, -235]
[102, 65]
[335, -192]
[296, -182]
[335, -192]
[335, -192]
[335, -192]
[289, -203]
[335, -163]
[332, -199]
[304, -178]
[296, -182]
[296, -182]
[335, -163]
[335, -192]
[335, -163]
[105, 163]
[719, -722]
[393, -630]
[105, 163]
[265, -87]
[762, -638]
[111, -226]
[250, -212]
[111, -226]
[199, -25]
[111, -226]
[137, -247]
[719, -722]
[102, 65]
[102, 65]
[393, -630]
[102, 65]
[102, 65]
[102, 65]
[-47940]
[-47940]
[199, -25]
[199, -25]
[102, 65]
[102, 65]
[102, 65]
[102, 65]
[102, 65]
[102, 65]
[102, 65]
[102, 65]
[102, 65]
[136, -289]
[136, -289]
[136, -289]
[136, -289]
[102, 65]
[158, -288]
[102, 65]
[102, 65]
[102, 65]
[158, -288]
[102, 65]
[158, -288]
[102, 65]
[102, 65]
[102, 65]
[102, 65]
[102, 65]
[102, 65]
[102, 65]
[102, 65]
[102, 65]
[102, 65]
[102, 65]
[102, 65]
[102, 65]
[102, 65]
[102, 65]
[102, 65]
[102, 65]
[243, -187]
[292, -187]
[521, -516]
[102, 65]
[102, 65]
[659, -728]
[102, 65]
[102, 65]
[-524150, -82625]
[231, -298]
[231, -298]
[231, -298]
[522, -476]
[260, -113]
[102, 65]
[522, -476]
[260, -113]
[522, -476]
[-504442, -116135]
[-553444, -91803]
[-540707, -149130]
[102, 65]
[102, 65]
[102, 65]
[102, 65]
[102, 65]
[102, 65]
[102, 65]
[217, 102]
[217, 102]
[233, 46]
[58, 23]
[58, 23]
[217, 102]
[217, 102]
[217, 102]
[217, 102]
[217, 102]
[264, -311]
[252, -310]
[740, -656]
[264, -311]
[740, -656]
[264, -311]
[264, -311]
[251, -328]
[251, -328]
[260, -338]
[171, -224]
[719, -722]
[344, -709]
[68, 24]
[158, -197]
[158, -197]
[241, -235]
[102, 65]
[-401240, 362008]
[-439, 928]
[102, 65]
[492, -463]
[158, -197]
[102, 65]
[348, -24]
[348, -24]
[102, 65]
[719, -722]
[102, 65]
[158, -197]
[111, -226]
[719, -722]
[102, 65]
[102, 65]
[102, 65]
[102, 65]
[102, 65]
[102, 65]
[102, 65]
[102, 65]
[102, 65]
[102, 65]
[719, -674]
[-335904, 217482]
[102, 65]
[102, 65]
[722, -663]
[102, 65]
[102, 65]
[-335904, 217482]
[102, 65]
[102, 65]
[-335904, 217482]
[172, -302]
[102, 65]
[102, 65]
[719, -674]
[102, 65]
[102, 65]
[102, 65]
[102, 65]