[86, 56]
[93, 47]
[100, 52]
[115, 57]
[126, 57]
[132, 57]
[139, 57]
[148, 57]
[158, 58]
[168, 58]
[179, 58]
[189, 58]
[201, 58]
[212, 58]
[222, 58]
[233, 61]
[243, 58]
[249, 58]
[260, 58]
[266, 59]
[266, 62]
[260, 66]
[255, 69]
[249, 69]
[243, 69]
[233, 69]
[222, 69]
[212, 70]
[201, 70]
[190, 70]
[179, 70]
[170, 70]
[162, 71]
[164, 70]
[155, 70]
[148, 68]
[140, 68]
[132, 70]
[134, 68]
[122, 70]
[115, 67]
[106, 70]
[97, 75]
[105, 83]
[112, 76]
[122, 84]
[122, 79]
[131, 80]
[140, 80]
[148, 80]
[154, 80]
[162, 81]
[170, 80]
[179, 80]
[189, 80]
[201, 81]
[210, 81]
[212, 81]
[212, 79]
[222, 79]
[233, 80]
[239, 80]
[233, 89]
[232, 90]
[222, 90]
[212, 90]
[201, 90]
[190, 90]
[179, 89]
[170, 89]
[162, 89]
[154, 89]
[148, 89]
[140, 89]
[141, 99]
[131, 91]
[126, 97]
[122, 101]
[113, 92]
[106, 99]
[97, 90]
[90, 97]
[83, 104]
[92, 113]
[99, 106]
[107, 115]
[114, 108]
[116, 124]
[119, 121]
[130, 110]
[135, 105]
[144, 114]
[151, 107]
[147, 103]
[148, 102]
[153, 95]
[161, 100]
[170, 100]
[179, 100]
[187, 101]
[200, 101]
[211, 101]
[217, 101]
[223, 97]
[226, 102]
[218, 107]
[218, 108]
[211, 107]
[211, 106]
[210, 107]
[201, 114]
[205, 116]
[200, 116]
[200, 112]
[200, 107]
[200, 112]
[189, 111]
[179, 111]
[170, 111]
[161, 111]
[161, 115]
[155, 122]
[148, 129]
[139, 119]
[140, 136]
[137, 139]
[133, 143]
[132, 144]
[126, 150]
[108, 131]
[105, 136]
[104, 144]
[105, 163]
[109, 167]
[112, 164]
[119, 157]
[125, 163]
[132, 156]
[132, 156]
[132, 156]
[140, 149]
[147, 142]
[154, 135]
[161, 128]
[168, 121]
[170, 119]
[170, 119]
[179, 123]
[179, 123]
[179, 116]
[188, 116]
[188, 130]
[194, 123]
[200, 123]
[211, 123]
[211, 116]
[220, 116]
[213, 125]
[211, 123]
[200, 132]
[200, 132]
[200, 132]
[200, 132]
[192, 138]
[185, 141]
[181, 135]
[174, 128]
[167, 135]
[160, 142]
[153, 149]
[146, 156]
[146, 156]
[131, 170]
[124, 177]
[118, 171]
[110, 178]
[104, 172]
[97, 179]
[103, 185]
[91, 184]
[90, 186]
[82, 193]
[89, 199]
[96, 192]
[95, 206]
[102, 198]
[102, 213]
[109, 206]
[117, 199]
[109, 191]
[116, 184]
[124, 192]
[130, 185]
[138, 177]
[146, 170]
[153, 163]
[160, 156]
[167, 149]
[174, 142]
[182, 150]
[171, 161]
[184, 152]
[171, 161]
[163, 145]
[171, 160]
[171, 161]
[170, 166]
[167, 164]
[159, 169]
[163, 173]
[155, 180]
[152, 177]
[148, 188]
[144, 184]
[171, 161]
[135, 190]
[117, 214]
[103, 214]
[273, 23]
[76, 202]
[67, 216]
[61, 224]
[78, 238]
[71, 244]
[62, 251]
[61, 252]
[53, 260]
[53, 260]
[46, 266]
[37, 274]
[82, 234]
[21, 278]
[11, 275]
[0, 269]
[-9, 264]
[-20, 259]
[-14, 246]
[-14, 246]
[-4, 253]
[-2, 249]
[5, 258]
[8, 251]
[18, 264]
[22, 253]
[25, 268]
[31, 255]
[32, 271]
[37, 263]
[41, 257]
[49, 259]
[51, 251]
[43, 249]
[56, 247]
[49, 244]
[44, 242]
[38, 241]
[34, 241]
[24, 239]
[11, 238]
[0, 237]
[-10, 236]
[-9, 229]
[-9, 222]
[1, 230]
[2, 223]
[12, 231]
[13, 225]
[27, 226]
[28, 224]
[43, 226]
[57, 232]
[64, 237]
[46, 218]
[39, 217]
[29, 214]
[16, 213]
[4, 212]
[-10, 208]
[-10, 206]
[-11, 201]
[-11, 177]
[-2, 131]
[-11, 177]
[-10, 169]
[-8, 158]
[-5, 147]
[-3, 137]
[-2, 132]
[1, 107]
[6, 80]
[8, 80]
[18, 83]
[27, 85]
[35, 87]
[32, 102]
[29, 113]
[27, 121]
[25, 130]
[22, 145]
[20, 153]
[28, 163]
[30, 156]
[32, 148]
[34, 141]
[36, 133]
[37, 124]
[39, 115]
[42, 105]
[43, 99]
[45, 89]
[38, 88]
[48, 89]
[56, 91]
[54, 101]
[50, 118]
[48, 126]
[47, 131]
[46, 135]
[35, 163]
[44, 143]
[43, 150]
[42, 154]
[41, 158]
[29, 167]
[28, 180]
[29, 189]
[30, 198]
[39, 204]
[49, 208]
[50, 192]
[50, 192]
[102, 65]
[273, 23]
[50, 192]
[56, 175]
[65, 177]
[85, 180]
[87, 173]
[75, 170]
[67, 169]
[58, 163]
[59, 158]
[76, 162]
[89, 165]
[97, 167]
[92, 149]
[80, 146]
[63, 142]
[64, 134]
[54, 132]
[81, 138]
[94, 141]
[95, 134]
[95, 127]
[86, 118]
[80, 112]
[63, 121]
[57, 119]
[60, 103]
[70, 101]
[76, 95]
[76, 94]
[72, 95]
[67, 85]
[72, 78]
[99, 107]
[82, 90]
[89, 82]
[85, 76]
[84, 70]
[72, 70]
[62, 71]
[50, 71]
[49, 79]
[39, 77]
[29, 76]
[19, 75]
[9, 73]
[0, 72]
[-10, 71]
[-20, 65]
[-35, 57]
[-38, 68]
[-42, 82]
[-45, 93]
[-47, 99]
[-47, 108]
[-45, 117]
[-44, 125]
[-43, 136]
[-41, 147]
[-40, 158]
[-38, 170]
[-36, 181]
[-40, 181]
[-38, 192]
[-38, 192]
[-37, 202]
[-38, 204]
[-37, 215]
[-35, 226]
[-34, 234]
[-34, 238]
[-39, 249]
[-30, 253]
[-24, 243]
[-22, 235]
[-16, 236]
[-16, 223]
[-23, 224]
[-24, 213]
[-25, 203]
[-26, 191]
[-28, 180]
[-25, 179]
[-18, 178]
[-19, 167]
[-26, 168]
[-28, 157]
[-21, 156]
[-20, 156]
[-18, 145]
[-22, 144]
[-30, 145]
[-31, 134]
[-24, 133]
[-16, 134]
[-13, 119]
[-8, 98]
[-1, 77]
[-22, 121]
[-33, 123]
[-34, 115]
[-36, 105]
[-23, 113]
[-21, 114]
[-18, 102]
[-30, 97]
[-24, 88]
[-15, 93]
[-45, 53]
[-54, 50]
[-59, 48]
[-64, 46]
[-76, 42]
[-75, 53]
[-60, 50]
[-62, 59]
[-74, 61]
[-71, 69]
[-64, 68]
[-52, 66]
[-51, 74]
[-69, 77]
[-70, 86]
[-50, 83]
[-49, 92]
[-69, 95]
[-68, 103]
[-67, 111]
[-64, 119]
[-64, 127]
[-63, 139]
[-54, 137]
[-59, 150]
[-52, 148]
[-60, 161]
[-58, 173]
[-54, 183]
[-53, 194]
[-52, 204]
[-52, 218]
[-43, 216]
[-42, 227]
[-48, 228]
[-47, 245]
[-51, 254]
[-56, 262]
[-60, 271]
[-61, 278]
[-76, 38]
[-52, 274]
[-48, 266]
[-44, 258]
[-34, 262]
[-39, 271]
[-43, 269]
[-47, 277]
[-49, 283]
[-45, 285]
[-42, 279]
[-33, 284]
[-24, 267]
[-14, 273]
[-10, 275]
[-76, 242]
[7, 284]
[93, 224]
[93, 224]
[3, 292]
