[-12.110209999999938, -77.03653999999995]
[-12.115806266742501, -77.01020828455368]
[-12.110209999999938, -77.03653999999995]
[-12.117005401524652, -77.01104537737568]
[-12.117634186567045, -77.01215739672747]
[-12.117005401524652, -77.01104537737568]
[-12.117005401524652, -77.01104537737568]
[-12.118266606367289, -77.01107159746138]
[-12.115806266742501, -77.01020828455368]
[-12.115806266742501, -77.01020828455368]
[-12.116787584922122, -77.01035843806378]
[-12.117005401524652, -77.01104537737568]
[-12.117005401524652, -77.01104537737568]
[-12.117005401524652, -77.01104537737568]
[-12.117005401524652, -77.01104537737568]
[-12.153410842813726, -76.98027261299764]
[-12.115806266742501, -77.01020828455368]
[-12.115806266742501, -77.01020828455368]
[-12.115806266742501, -77.01020828455368]
[-12.115806266742501, -77.01020828455368]
[-12.170459217981378, -76.96419849014926]
[-12.117005401524652, -77.01104537737568]
[-12.121060335905272, -77.00918180537366]
[-34.90754590881557, -54.9719982632232]
[-12.121948228567286, -77.00830426100755]
[-12.121948228567286, -77.00830426100755]
[-12.121948228567286, -77.00830426100755]
[-34.89240795068456, -55.22526064645965]
[-34.89240795068456, -55.22526064645965]
[-12.121060335905272, -77.00918180537366]
[-12.115806266742501, -77.01020828455368]
[-12.110209999999938, -77.03653999999995]
[-12.124318218080868, -77.01123587836712]
[-12.12491293007557, -77.00833650613339]
[-12.124187173962387, -77.00643011609647]
[-12.125359218242082, -77.00595648032369]
[-12.12486069638913, -77.00561606446095]
[-12.124187173962387, -77.00643011609647]
[-12.12491293007557, -77.00833650613339]
[-12.124318218080868, -77.01123587836712]
[-12.124318218080868, -77.01123587836712]
[-12.115806266742501, -77.01020828455368]
[-12.125359218242082, -77.00595648032369]
[-12.125163815695018, -77.00510069594345]
[-12.125163815695018, -77.00510069594345]
[-12.115806266742501, -77.01020828455368]
[-12.126249866164668, -77.00569781641724]
[-12.126249866164668, -77.00569781641724]
[-12.110209999999938, -77.03653999999995]
[-12.126426137893876, -77.00484058007922]
[-12.126249866164668, -77.00569781641724]
[-12.126426137893876, -77.00484058007922]
[-12.126426137893876, -77.00484058007922]
[-12.126426137893876, -77.00484058007922]
[-12.127183475603376, -77.00465399010201]
[-12.127032760312266, -77.00419400289927]
[-12.127624847901783, -77.0035219844989]
[-12.115806266742501, -77.01020828455368]
[-12.115806266742501, -77.01020828455368]
[-12.12872556209617, -77.00242221620239]
[-12.12872556209617, -77.00242221620239]
[-12.12872556209617, -77.00242221620239]
[-12.12872556209617, -77.00242221620239]
[-12.110209999999938, -77.03653999999995]
[-11.846739941670904, -77.12790991045904]
[-11.846739941670904, -77.12790991045904]
[-12.127032760312266, -77.00419400289927]
[-12.126249866164668, -77.00569781641724]
[-12.12872556209617, -77.00242221620239]
[-12.125095204209853, -77.00920641258865]
[-12.125095204209853, -77.00920641258865]
[-12.125832048476138, -77.00714437602481]
[-12.127148780645248, -77.00758377320075]
[-12.110209999999938, -77.03653999999995]
[-12.125832048476138, -77.00714437602481]
[-12.12872556209617, -77.00242221620239]
[-12.12893976464814, -77.0096269022754]
[-12.129429986954312, -77.01392801982345]
[-12.12893976464814, -77.0096269022754]
[-12.129969999999958, -77.01068999999995]
[-12.129187967399858, -77.01090903990294]
[-12.129429986954312, -77.01392801982345]
[-12.12872556209617, -77.00242221620239]
[-12.12872556209617, -77.00242221620239]
[-12.12758570455418, -77.01452306133972]
[-12.129429986954312, -77.01392801982345]
[-12.129429986954312, -77.01392801982345]
[-12.129187967399858, -77.01090903990294]
[-12.129621148341874, -77.0117029250026]
[-12.129621148341874, -77.0117029250026]
[-12.129621148341874, -77.0117029250026]
[-12.110209999999938, -77.03653999999995]
[-12.110209999999938, -77.03653999999995]
[-12.129187967399858, -77.01090903990294]
[-12.129187967399858, -77.01090903990294]
[-12.129429986954312, -77.01392801982345]
[-12.12758570455418, -77.01452306133972]
[-12.12758570455418, -77.01452306133972]
[-12.12758570455418, -77.01452306133972]
[-12.128499942891537, -77.0151968217726]
[-12.129429986954312, -77.01392801982345]
[-12.129429986954312, -77.01392801982345]
[-12.129714126229013, -77.0164541400799]
[-12.130264962152708, -77.01630491158753]
[-12.130264962152708, -77.01630491158753]
[-12.128499942891537, -77.0151968217726]
[-12.128089907400252, -77.0264522103524]
[-12.128089907400252, -77.0264522103524]
[-12.124829978657784, -77.01814290233787]
[-12.126767547665109, -77.01895171894276]
[-12.126897377494997, -77.02134534533359]
[-12.133464758224198, -77.02139642314738]
[-12.133464758224198, -77.02139642314738]
[-12.128802973423982, -77.02194725860426]
[-12.133464758224198, -77.02139642314738]
[-12.131266923245729, -77.02117915553465]
[-12.110209999999938, -77.03653999999995]
[-12.131266923245729, -77.02117915553465]
[-12.128089907400252, -77.0264522103524]
[-12.128089907400252, -77.0264522103524]
[-12.128089907400252, -77.0264522103524]
[-12.128561556165652, -77.02365595141472]
[-12.12755494617278, -77.02388491808617]
[-12.12872556209617, -77.00242221620239]
[-12.125549999999976, -77.01959999999997]
[-12.126897377494997, -77.02134534533359]
[-12.12872556209617, -77.00242221620239]
[-12.12755494617278, -77.02388491808617]
[-12.128802973423982, -77.02194725860426]
[-12.128561556165652, -77.02365595141472]
[-12.128802973423982, -77.02194725860426]
[-12.126538459254514, -77.02125358941461]
[-12.126897377494997, -77.02134534533359]
[-12.126897377494997, -77.02134534533359]
[-12.126897377494997, -77.02134534533359]
[-12.126767547665109, -77.01895171894276]
[-12.124829978657784, -77.01814290233787]
[-12.124829978657784, -77.01814290233787]
[-12.129429986954312, -77.01392801982345]
[-12.129429986954312, -77.01392801982345]
[-12.129429986954312, -77.01392801982345]
[-12.128499942891537, -77.0151968217726]
[-12.128499942891537, -77.0151968217726]
[-12.110209999999938, -77.03653999999995]
[-12.125915089936345, -77.01731410696625]
[-12.124829978657784, -77.01814290233787]
[-12.168026415597385, -76.97649581000732]
[-12.128561556165652, -77.02365595141472]
[-12.128561556165652, -77.02365595141472]
[-12.128561556165652, -77.02365595141472]
[-12.128561556165652, -77.02365595141472]
[-12.126897377494997, -77.02134534533359]
[-12.147452654116153, -76.97168671053902]
[-12.12755494617278, -77.02388491808617]
[-12.126767547665109, -77.01895171894276]
[-12.12872556209617, -77.00242221620239]
[-12.12872556209617, -77.00242221620239]
[-12.168026415597385, -76.97649581000732]
[-12.12872556209617, -77.00242221620239]
[-12.12872556209617, -77.00242221620239]
[-12.12872556209617, -77.00242221620239]
[-12.126897377494997, -77.02134534533359]
[-12.122429298366127, -77.02258934399781]
[-12.122429298366127, -77.02258934399781]
[-12.122092065895112, -77.02496413869062]
[-12.120101419433444, -77.02489457876105]
[-12.123197022491812, -77.01807646748328]
[-12.123197022491812, -77.01807646748328]
[-12.122092065895112, -77.02496413869062]
[-12.12422697837057, -77.02141914887041]
[-12.122429298366127, -77.02258934399781]
[-12.1223527342262, -77.02376486173738]
[-12.110209999999938, -77.03653999999995]
[-12.122429298366127, -77.02258934399781]
[-12.122429298366127, -77.02258934399781]
[-12.122092065895112, -77.02496413869062]
[-12.123197022491812, -77.01807646748328]
[-12.119974960628888, -77.02220992046512]
[-12.133742361392226, -76.96240772566797]
[-7.2954698170914245, -76.77096037633788]
[-12.133742361392226, -76.96240772566797]
[-12.120474827116357, -77.01907474026716]
[-12.124829978657784, -77.01814290233787]
[-12.124829978657784, -77.01814290233787]
[-12.120474827116357, -77.01907474026716]
[-12.120036021301939, -77.0203196522244]
[-12.12109387435985, -77.02021290653244]
[-12.12041437337063, -77.02120677623189]
[-12.12041437337063, -77.02120677623189]
[-12.123197022491812, -77.01807646748328]
[-12.125449985309032, -77.02300989798364]
[-12.12422697837057, -77.02141914887041]
[-12.12422697837057, -77.02141914887041]
[-12.12422697837057, -77.02141914887041]
[-12.168026415597385, -76.97649581000732]
[-12.126767547665109, -77.01895171894276]
[-12.147452654116153, -76.97168671053902]
[-12.126538459254514, -77.02125358941461]
[-12.110209999999938, -77.03653999999995]
[-12.123197022491812, -77.01807646748328]
[-12.122121515497621, -77.01914783904346]
[-12.124829978657784, -77.01814290233787]
[-12.123197022491812, -77.01807646748328]
[-12.124829978657784, -77.01814290233787]
[-12.124829978657784, -77.01814290233787]
[-12.135703347713713, -77.00644837659118]
[-12.124829978657784, -77.01814290233787]
[-12.12109387435985, -77.02021290653244]
[-12.120464966688523, -77.01777488785692]
[-12.120474827116357, -77.01907474026716]
[-12.120464966688523, -77.01777488785692]
[-12.120464966688523, -77.01777488785692]
[-12.120464966688523, -77.01777488785692]
[-12.120464966688523, -77.01777488785692]
[-12.120464966688523, -77.01777488785692]
[-12.120464966688523, -77.01777488785692]
[-12.135703347713713, -77.00644837659118]
[-12.12584015142418, -77.0128237995755]
[-12.12584015142418, -77.0128237995755]
[-12.12584015142418, -77.0128237995755]
[-12.12491293007557, -77.00833650613339]
[-12.12872556209617, -77.00242221620239]
[-12.12872556209617, -77.00242221620239]
[-12.12872556209617, -77.00242221620239]
[-12.12872556209617, -77.00242221620239]
[-12.124829978657784, -77.01814290233787]
[-12.124829978657784, -77.01814290233787]
[-12.123197022491812, -77.01807646748328]
[-12.124829978657784, -77.01814290233787]
[-12.135703347713713, -77.00644837659118]
[-12.124829978657784, -77.01814290233787]
[-12.135703347713713, -77.00644837659118]
[-12.135703347713713, -77.00644837659118]
[-12.135703347713713, -77.00644837659118]
[-12.135703347713713, -77.00644837659118]
[-12.135703347713713, -77.00644837659118]
[-12.135703347713713, -77.00644837659118]
[-12.135703347713713, -77.00644837659118]
[-12.123197022491812, -77.01807646748328]
[-12.123197022491812, -77.01807646748328]
[-12.123197022491812, -77.01807646748328]
[-12.123197022491812, -77.01807646748328]
[-12.135703347713713, -77.00644837659118]
[-12.123094294606306, -77.01372994902252]
[-12.123094294606306, -77.01372994902252]
[-12.123094294606306, -77.01372994902252]
[-12.123094294606306, -77.01372994902252]
[-12.119749954874326, -77.0172935750764]
[-12.110209999999938, -77.03653999999995]
[-12.122794947924529, -77.01590813377922]
[-12.110209999999938, -77.03653999999995]
[-12.110209999999938, -77.03653999999995]
[-12.123094294606306, -77.01372994902252]
[-12.19023888190059, -76.97744652864573]
[-12.19023888190059, -76.97744652864573]
[-12.19023888190059, -76.97744652864573]
[-11.846739941670904, -77.12790991045904]
[-12.11033719620415, -77.03730310653481]
[-12.129074620772007, -77.01389662220578]
[-12.130905890024536, -77.00446666948206]
[-12.130905890024536, -77.00446666948206]
[-12.130905890024536, -77.00446666948206]
[-12.124939999999981, -77.03714999999994]
[-12.10040011899696, -77.02693538789791]
[-12.095385006129346, -77.02467628470424]
[-12.130905890024536, -77.00446666948206]
[-12.130434947149098, -77.01218491281018]
[-12.130434947149098, -77.01218491281018]
[-12.124939999999981, -77.03714999999994]
[-12.131584419292025, -77.00646973133131]
[-12.131584419292025, -77.00646973133131]
[-12.123809999999935, -77.02593999999993]
[-12.132216799220222, -77.00652369210295]
[-12.132216799220222, -77.00652369210295]
[-12.132216799220222, -77.00652369210295]
[-12.110209999999938, -77.03653999999995]
[-12.130434947149098, -77.01218491281018]
[-12.15365542319626, -76.96137935119675]
[-12.15365542319626, -76.96137935119675]
[-12.130434947149098, -77.01218491281018]
[-12.130434947149098, -77.01218491281018]
[-12.127565112437193, -77.03115065293076]
[-12.127565112437193, -77.03115065293076]
[-12.132109944770164, -77.00960492110326]
[-12.132109944770164, -77.00960492110326]
[-12.132109944770164, -77.00960492110326]
[-12.110209999999938, -77.03653999999995]
[-12.110209999999938, -77.03653999999995]
[-12.110209999999938, -77.03653999999995]
[-12.110209999999938, -77.03653999999995]
[-12.12893976464814, -77.0096269022754]
[-12.133559112440679, -77.01079313608689]
[-12.133559112440679, -77.01079313608689]
[-12.133559112440679, -77.01079313608689]
[-12.133559112440679, -77.01079313608689]
[-12.124939999999981, -77.03714999999994]
[-12.135703347713713, -77.00644837659118]
[-12.135703347713713, -77.00644837659118]
[-12.174316988581863, -76.95714321158209]
[-12.123809999999935, -77.02593999999993]
[-12.123809999999935, -77.02593999999993]
[-12.124939999999981, -77.03714999999994]
[-12.132109944770164, -77.00960492110326]
[-12.135129328684734, -77.00628712767174]
[-12.132109944770164, -77.00960492110326]
[-12.128499942891537, -77.0151968217726]
[-12.128089907400252, -77.0264522103524]
[-12.130264962152708, -77.01630491158753]
[-12.130264962152708, -77.01630491158753]
[-12.130264962152708, -77.01630491158753]
[-12.130264962152708, -77.01630491158753]
[-12.110209999999938, -77.03653999999995]
[-12.107425078532332, -77.00226625269894]
[-12.130309418265497, -77.01383179225923]
[-12.130309418265497, -77.01383179225923]
[-12.132013666447621, -77.01665025933566]
[-12.132013666447621, -77.01665025933566]
[-12.135703347713713, -77.00644837659118]
[-12.135703347713713, -77.00644837659118]
[-12.09615467479502, -77.03383228151843]
[-12.13017580661097, -77.01462378974192]
[-12.13017580661097, -77.01462378974192]
[-12.13017580661097, -77.01462378974192]
[-12.128934489500423, -77.01239241385358]
[-12.118770666314612, -77.01201483901977]
[-12.135703347713713, -77.00644837659118]
[-12.110209999999938, -77.03653999999995]
[-12.133559112440679, -77.01079313608689]
[-12.129621148341874, -77.0117029250026]
[-12.133559112440679, -77.01079313608689]
[-12.133559112440679, -77.01079313608689]
[-12.133559112440679, -77.01079313608689]
[-12.12893976464814, -77.0096269022754]
[-12.1335183778489, -77.0136930979582]
[-12.133294957286353, -77.01000993466471]
[-12.130434947149098, -77.01218491281018]
[-12.129621148341874, -77.0117029250026]
[-12.129621148341874, -77.0117029250026]
[-12.1335183778489, -77.0136930979582]
[-12.133559112440679, -77.01079313608689]
[-12.1335183778489, -77.0136930979582]
[-12.11057824027939, -77.04632232064257]
[-12.171911659265245, -76.95772550424715]
[-12.139329999999973, -76.96690999999998]
[-12.11057824027939, -77.04632232064257]
[-12.126538459254514, -77.02125358941461]
[-12.176252855346787, -76.96611403457315]
[-12.111176890081909, -77.0073401752052]
[-12.125084966945032, -77.00870994339172]
[-12.111176890081909, -77.0073401752052]
[-12.11990239168752, -77.02744984497288]
[-12.111176890081909, -77.0073401752052]
[-12.113772620329183, -77.00526308013944]
[-12.171911659265245, -76.95772550424715]
[-12.110209999999938, -77.03653999999995]
[-12.110209999999938, -77.03653999999995]
[-12.139329999999973, -76.96690999999998]
[-12.110209999999938, -77.03653999999995]
[-12.110209999999938, -77.03653999999995]
[-12.110209999999938, -77.03653999999995]
[-39.27796494647765, -72.23594493336788]
[-39.27796494647765, -72.23594493336788]
[-12.11990239168752, -77.02744984497288]
[-12.11990239168752, -77.02744984497288]
[-12.110209999999938, -77.03653999999995]
[-12.110209999999938, -77.03653999999995]
[-12.110209999999938, -77.03653999999995]
[-12.110209999999938, -77.03653999999995]
[-12.110209999999938, -77.03653999999995]
[-12.110209999999938, -77.03653999999995]
[-12.110209999999938, -77.03653999999995]
[-12.110209999999938, -77.03653999999995]
[-12.110209999999938, -77.03653999999995]
[-12.113606442026958, -77.00107554657542]
[-12.113606442026958, -77.00107554657542]
[-12.113606442026958, -77.00107554657542]
[-12.113606442026958, -77.00107554657542]
[-12.110209999999938, -77.03653999999995]
[-12.11583045042645, -77.00117971778066]
[-12.110209999999938, -77.03653999999995]
[-12.110209999999938, -77.03653999999995]
[-12.110209999999938, -77.03653999999995]
[-12.11583045042645, -77.00117971778066]
[-12.110209999999938, -77.03653999999995]
[-12.11583045042645, -77.00117971778066]
[-12.110209999999938, -77.03653999999995]
[-12.110209999999938, -77.03653999999995]
[-12.110209999999938, -77.03653999999995]
[-12.110209999999938, -77.03653999999995]
[-12.110209999999938, -77.03653999999995]
[-12.110209999999938, -77.03653999999995]
[-12.110209999999938, -77.03653999999995]
[-12.110209999999938, -77.03653999999995]
[-12.110209999999938, -77.03653999999995]
[-12.110209999999938, -77.03653999999995]
[-12.110209999999938, -77.03653999999995]
[-12.110209999999938, -77.03653999999995]
[-12.110209999999938, -77.03653999999995]
[-12.110209999999938, -77.03653999999995]
[-12.110209999999938, -77.03653999999995]
[-12.110209999999938, -77.03653999999995]
[-12.110209999999938, -77.03653999999995]
[-12.124318218080868, -77.01123587836712]
[-12.129219999999975, -77.01121999999998]
[-12.15211591945178, -76.97830265754945]
[-12.110209999999938, -77.03653999999995]
[-12.110209999999938, -77.03653999999995]
[-12.165934947396593, -76.9571049124734]
[-12.110209999999938, -77.03653999999995]
[-12.110209999999938, -77.03653999999995]
[40.315030000000036, -3.8374999999999773]
[-12.123178467096007, -77.00019818182295]
[-12.123178467096007, -77.00019818182295]
[-12.123178467096007, -77.00019818182295]
[-12.152259956184892, -76.98236989648191]
[-12.126089999999976, -77.01861999999994]
[-12.110209999999938, -77.03653999999995]
[-12.152259956184892, -76.98236989648191]
[-12.126089999999976, -77.01861999999994]
[-12.152259956184892, -76.98236989648191]
[38.34422380676931, -0.4864649536999198]
[43.244459796737324, -2.9196052432136903]
[41.97074260507756, 2.8130747984469875]
[-12.110209999999938, -77.03653999999995]
[-12.110209999999938, -77.03653999999995]
[-12.110209999999938, -77.03653999999995]
[-12.110209999999938, -77.03653999999995]
[-12.110209999999938, -77.03653999999995]
[-12.110209999999938, -77.03653999999995]
[-12.110209999999938, -77.03653999999995]
[-12.121709539866867, -77.04021194341034]
[-12.121709539866867, -77.04021194341034]
[-12.12335324624346, -77.03468485080442]
[-12.105813789820559, -77.03235477912551]
[-12.105813789820559, -77.03235477912551]
[-12.121709539866867, -77.04021194341034]
[-12.121709539866867, -77.04021194341034]
[-12.121709539866867, -77.04021194341034]
[-12.121709539866867, -77.04021194341034]
[-12.121709539866867, -77.04021194341034]
[-12.126406478937847, -76.99883338167486]
[-12.125201862576604, -76.9989070847991]
[-12.174009720264062, -76.96432652720561]
[-12.126406478937847, -76.99883338167486]
[-12.174009720264062, -76.96432652720561]
[-12.126406478937847, -76.99883338167486]
[-12.126406478937847, -76.99883338167486]
[-12.12515715018319, -76.99710773929945]
[-12.12515715018319, -76.99710773929945]
[-12.126005027495282, -76.99611212726167]
[-12.117134781977288, -77.00759210184884]
[-12.171911659265245, -76.95772550424715]
[-12.134463637266494, -76.95905955605411]
[-12.106889420036353, -77.03249839995104]
[-12.115806266742501, -77.01020828455368]
[-12.115806266742501, -77.01020828455368]
[-12.124187173962387, -77.00643011609647]
[-12.110209999999938, -77.03653999999995]
[28.02407000000005, -113.23083999999994]
[-12.056051013376198, -77.12288040145404]
[-12.110209999999938, -77.03653999999995]
[-12.149296878638916, -76.98362336525653]
[-12.115806266742501, -77.01020828455368]
[-12.110209999999938, -77.03653999999995]
[-12.13483999999994, -77.02757999999994]
[-12.13483999999994, -77.02757999999994]
[-12.110209999999938, -77.03653999999995]
[-12.171911659265245, -76.95772550424715]
[-12.110209999999938, -77.03653999999995]
[-12.115806266742501, -77.01020828455368]
[-12.111176890081909, -77.0073401752052]
[-12.171911659265245, -76.95772550424715]
[-12.110209999999938, -77.03653999999995]
[-12.110209999999938, -77.03653999999995]
[-12.110209999999938, -77.03653999999995]
[-12.110209999999938, -77.03653999999995]
[-12.110209999999938, -77.03653999999995]
[-12.110209999999938, -77.03653999999995]
[-12.110209999999938, -77.03653999999995]
[-12.110209999999938, -77.03653999999995]
[-12.110209999999938, -77.03653999999995]
[-12.110209999999938, -77.03653999999995]
[-12.17190284461036, -76.96254939096612]
[21.4904892631467, -98.77829521067012]
[-12.110209999999938, -77.03653999999995]
[-12.110209999999938, -77.03653999999995]
[-12.172200935615573, -76.96369605330139]
[-12.110209999999938, -77.03653999999995]
[-12.110209999999938, -77.03653999999995]
[21.4904892631467, -98.77829521067012]
[-12.110209999999938, -77.03653999999995]
[-12.110209999999938, -77.03653999999995]
[21.4904892631467, -98.77829521067012]
[-12.11720228315487, -76.99970926631528]
[-12.110209999999938, -77.03653999999995]
[-12.110209999999938, -77.03653999999995]
[-12.17190284461036, -76.96254939096612]
[-12.110209999999938, -77.03653999999995]
[-12.110209999999938, -77.03653999999995]
[-12.110209999999938, -77.03653999999995]
[-12.110209999999938, -77.03653999999995]