[( 1 ,  6),( 41 ,  7)],
[( 0 ,  6),( 2 ,  7),( 163 ,  6)],
[( 1 ,  6),( 3 ,  7),( 164 ,  6)],
[( 2 ,  6),( 4 ,  7),( 40 ,  6)],
[( 3 ,  7),( 5 ,  7),( 38 ,  6),( 167 ,  8)],
[( 4 ,  7),( 6 ,  7),( 168 ,  5)],
[( 5 ,  7),( 7 ,  7),( 36 ,  5),( 169 ,  8)],
[( 6 ,  8),( 8 ,  7),( 35 ,  5),( 170 ,  9)],
[( 7 ,  8),( 9 ,  6),( 33 ,  5),( 171 ,  9)],
[( 8 ,  9),( 10 ,  6),( 31 ,  5),( 172 ,  9)],
[( 9 ,  9),( 11 ,  6),( 30 ,  5),( 173 ,  10)],
[( 10 ,  10),( 12 ,  5),( 29 ,  5),( 174 ,  10)],
[( 11 ,  10),( 13 ,  5),( 28 ,  5),( 175 ,  10)],
[( 12 ,  10),( 14 ,  5),( 27 ,  5),( 176 ,  11)],
[( 13 ,  11),( 15 ,  5),( 26 ,  5),( 177 ,  11)],
[( 14 ,  11),( 16 ,  5),( 25 ,  5),( 178 ,  11)],
[( 15 ,  12),( 17 ,  5),( 24 ,  5),( 179 ,  12)],
[( 16 ,  12),( 18 ,  4),( 23 ,  5),( 180 ,  12)],
[( 17 ,  12),( 19 ,  4),( 21 ,  5),( 181 ,  12)],
[( 18 ,  12),( 20 ,  4)],
[( 19 ,  12),( 21 ,  4)],
[( 18 ,  12),( 20 ,  4),( 22 ,  4)],
[( 21 ,  12),( 23 ,  4)],
[( 17 ,  13),( 22 ,  4),( 24 ,  4)],
[( 16 ,  13),( 23 ,  4),( 25 ,  4),( 61 ,  12)],
[( 15 ,  13),( 24 ,  4),( 26 ,  4),( 60 ,  12)],
[( 14 ,  13),( 25 ,  4),( 27 ,  4),( 59 ,  12)],
[( 13 ,  13),( 26 ,  4),( 28 ,  4),( 58 ,  12)],
[( 12 ,  13),( 27 ,  4),( 29 ,  5),( 55 ,  12)],
[( 11 ,  12),( 28 ,  4),( 30 ,  5),( 54 ,  11)],
[( 10 ,  12),( 29 ,  4),( 31 ,  5),( 53 ,  11)],
[( 9 ,  12),( 30 ,  4),( 32 ,  5),( 52 ,  11)],
[( 31 ,  12),( 33 ,  4),( 52 ,  5)],
[( 8 ,  11),( 32 ,  4),( 34 ,  6),( 51 ,  10)],
[( 33 ,  11),( 35 ,  4),( 50 ,  6)],
[( 7 ,  11),( 34 ,  4),( 36 ,  6),( 49 ,  9)],
[( 6 ,  11),( 35 ,  4),( 37 ,  6),( 48 ,  9)],
[( 36 ,  11),( 38 ,  4),( 47 ,  6)],
[( 4 ,  11),( 37 ,  4),( 39 ,  7)],
[( 38 ,  10),( 40 ,  4),( 46 ,  7)],
[( 3 ,  10),( 39 ,  4),( 41 ,  7)],
[( 0 ,  9),( 40 ,  4),( 42 ,  7),( 44 ,  6)],
[( 41 ,  9),( 43 ,  5),( 367 ,  7)],
[( 42 ,  8),( 44 ,  5),( 80 ,  7),( 78 ,  6)],
[( 41 ,  8),( 43 ,  6),( 45 ,  7)],
[( 44 ,  7),( 46 ,  6),( 75 ,  7),( 78 ,  7)],
[( 39 ,  7),( 45 ,  6),( 47 ,  7)],
[( 37 ,  7),( 46 ,  6),( 48 ,  7),( 75 ,  7)],
[( 36 ,  6),( 47 ,  6),( 49 ,  7),( 73 ,  8)],
[( 35 ,  6),( 48 ,  6),( 20 ,  7),( 72 ,  8)],
[( 32 ,  6),( 49 ,  7),( 21 ,  7),( 71 ,  9)],
[( 33 ,  6),( 50 ,  7),( 52 ,  7),( 70 ,  9)],
[( 31 ,  6),( 32 ,  7),( 51 ,  7),( 53 ,  9),( 68 ,  7),( 69 ,  6)],
[( 30 ,  7),( 52 ,  8),( 54 ,  7),( 68 ,  9)],
[( 29 ,  6),( 53 ,  8),( 55 ,  7),( 67 ,  10)],
[( 28 ,  6),( 54 ,  8),( 56 ,  7),( 66 ,  10)],
[( 55 ,  7),( 66 ,  8),( 57 ,  7),( 58 ,  10)],
[( 56 ,  7),( 58 ,  8),( 65 ,  6)],
[( 27 ,  8),( 56 ,  8),( 59 ,  7),( 57 ,  11)],
[( 26 ,  8),( 58 ,  8),( 60 ,  7),( 64 ,  11)],
[( 25 ,  8),( 59 ,  8),( 61 ,  7),( 62 ,  11)],
[( 23 ,  9),( 60 ,  9),( 62 ,  7)],
[( 60 ,  9),( 63 ,  9),( 104 ,  7)],
[( 62 ,  10),( 64 ,  9),( 103 ,  7)],
[( 59 ,  9),( 63 ,  9),( 65 ,  7),( 103 ,  9)],
[( 57 ,  9),( 64 ,  9),( 66 ,  7),( 101 ,  9)],
[( 55 ,  10),( 65 ,  9),( 67 ,  7),( 100 ,  9)],
[( 54 ,  10),( 66 ,  8),( 68 ,  7),( 99 ,  8)],
[( 53 ,  10),( 67 ,  8),( 69 ,  7),( 99 ,  8)],
[( 52 ,  10),( 68 ,  8),( 70 ,  7),( 97 ,  8)],
[( 51 ,  10),( 69 ,  8),( 71 ,  8),( 96 ,  7)],
[( 50 ,  11),( 70 ,  8),( 72 ,  8),( 95 ,  7)],
[( 49 ,  11),( 71 ,  8),( 73 ,  8),( 94 ,  6)],
[( 48 ,  11),( 72 ,  8),( 74 ,  8),( 75 ,  6)],
[( 73 ,  11),( 75 ,  8),( 90 ,  8),( 93 ,  5)],
[( 45 ,  11),( 47 ,  8),( 74 ,  8),( 76 ,  4)],
[( 75 ,  11),( 77 ,  8),( 90 ,  8)],
[( 76 ,  10),( 78 ,  8),( 86 ,  8),( 89 ,  4)],
[( 43 ,  10),( 45 ,  8),( 77 ,  9),( 79 ,  5)],
[( 78 ,  10),( 80 ,  8),( 84 ,  9),( 86 ,  5)],
[( 43 ,  11),( 79 ,  8),( 81 ,  9),( 367 ,  6)],
[( 80 ,  11),( 82 ,  7),( 84 ,  9),( 366 ,  6)],
[( 81 ,  10),( 83 ,  7),( 355 ,  9),( 360 ,  7)],
[( 82 ,  10),( 84 ,  7),( 129 ,  9),( 354 ,  8)],
[( 79 ,  10),( 81 ,  7),( 83 ,  8),( 85 ,  8)],
[( 84 ,  9),( 86 ,  6),( 87 ,  8),( 353 ,  8)],
[( 79 ,  9),( 77 ,  6),( 85 ,  8)],
[( 85 ,  8),( 88 ,  6),( 129 ,  8)],
[( 87 ,  8),( 89 ,  6),( 125 ,  8)],
[( 77 ,  8),( 88 ,  5),( 90 ,  8),( 123 ,  9)],
[( 74 ,  7),( 76 ,  5),( 89 ,  8),( 91 ,  9)],
[( 91 ,  7),( 92 ,  5),( 123 ,  8)],
[( 91 ,  8),( 93 ,  6),( 120 ,  7)],
[( 74 ,  7),( 92 ,  6),( 94 ,  7)],
[( 92 ,  7),( 93 ,  6),( 95 ,  7)],
[( 71 ,  7),( 94 ,  6),( 96 ,  7)],
[( 70 ,  6),( 95 ,  5),( 97 ,  7),( 119 ,  10)],
[( 69 ,  6),( 96 ,  6),( 98 ,  7),( 118 ,  9)],
[( 68 ,  6),( 97 ,  6),( 99 ,  6),( 17 ,  9)],
[( 66 ,  6),( 67 ,  6),( 68 ,  6),( 98 ,  9),( 115 ,  9),( 116 ,  6),( 117 ,  6)],
[( 66 ,  6),( 99 ,  6),( 101 ,  6),( 114 ,  9)],
[( 65 ,  6),( 100 ,  6),( 102 ,  6),( 103 ,  8)],
[( 101 ,  6),( 103 ,  7),( 108 ,  6)],
[( 63 ,  6),( 64 ,  7),( 102 ,  6),( 104 ,  8)],
[( 62 ,  6),( 103 ,  7),( 105 ,  6)],
[( 102 ,  6),( 104 ,  7),( 106 ,  5)],
[( 102 ,  7),( 107 ,  7),( 156 ,  5)],
[( 106 ,  7),( 108 ,  7),( 155 ,  5)],
[( 101 ,  7),( 102 ,  7),( 107 ,  5),( 109 ,  6)],
[( 108 ,  7),( 114 ,  8),( 110 ,  5)],
[( 109 ,  7),( 118 ,  8),( 111 ,  5)],
[( 110 ,  7),( 112 ,  9),( 154 ,  5),( 155 ,  5)],
[( 111 ,  7),( 113 ,  9),( 152 ,  5),( 153 ,  5)],
[( 110 ,  7),( 112 ,  9),( 114 ,  5),( 115 ,  5)],
[( 100 ,  7),( 109 ,  9),( 113 ,  5)],
[( 99 ,  7),( 113 ,  9),( 116 ,  5)],
[( 99 ,  7),( 115 ,  9),( 117 ,  5),( 150 ,  5)],
[( 98 ,  7),( 116 ,  9),( 118 ,  5),( 140 ,  5)],
[( 97 ,  7),( 119 ,  8),( 117 ,  5),( 146 ,  5)],
[( 96 ,  6),( 118 ,  8),( 120 ,  5)],
[( 92 ,  6),( 119 ,  8),( 121 ,  6),( 145 ,  5)],
[( 120 ,  6),( 122 ,  8),( 143 ,  6)],
[( 123 ,  6),( 121 ,  8),( 124 ,  7),( 142 ,  5)],
[( 89 ,  6),( 91 ,  8),( 122 ,  7)],
[( 122 ,  6),( 125 ,  8),( 141 ,  8)],
[( 88 ,  6),( 124 ,  8),( 126 ,  8)],
[( 125 ,  6),( 126 ,  7)],
[( 126 ,  6),( 127 ,  7),( 140 ,  8)],
[( 127 ,  6),( 129 ,  7),( 135 ,  8),( 138 ,  6)],
[( 83 ,  6),( 87 ,  7),( 128 ,  9),( 130 ,  7)],
[( 129 ,  6),( 131 ,  7),( 352 ,  9)],
[( 130 ,  7),( 132 ,  7),( 351 ,  9)],
[( 131 ,  7),( 133 ,  7),( 344 ,  9)],
[( 132 ,  7),( 134 ,  7),( 176 ,  9)],
[( 133 ,  7),( 135 ,  7),( 174 ,  9)],
[( 128 ,  7),( 134 ,  7),( 136 ,  9)],
[( 135 ,  7),( 137 ,  7),( 172 ,  9),( 174 ,  8)],
[( 136 ,  7),( 138 ,  7),( 139 ,  9),( 172 ,  8)],
[( 127 ,  7),( 128 ,  7),( 137 ,  9),( 139 ,  8)],
[( 137 ,  7),( 138 ,  7),( 140 ,  9),( 171 ,  8)],
[( 126 ,  7),( 139 ,  7),( 141 ,  9),( 170 ,  8)],
[( 124 ,  7),( 140 ,  8),( 142 ,  9),( 169 ,  8)],
[( 122 ,  7),( 141 ,  8),( 142 ,  8),( 168 ,  8)],
[( 121 ,  7),( 142 ,  8),( 144 ,  8),( 167 ,  8)],
[( 145 ,  7),( 143 ,  8),( 166 ,  8)],
[( 120 ,  6),( 144 ,  8),( 146 ,  7),( 148 ,  8)],
[( 118 ,  6),( 145 ,  9)],
[( 148 ,  6),( 149 ,  9)],
[( 147 ,  6),( 151 ,  9),( 166 ,  6)],
[( 117 ,  6),( 147 ,  9),( 150 ,  6)],
[( 112 ,  6),( 116 ,  11),( 149 ,  5),( 151 ,  8)],
[( 148 ,  6),( 150 ,  11),( 152 ,  5),( 160 ,  8),( 163 ,  9),( 165 ,  6)],
[( 112 ,  6),( 151 ,  11),( 153 ,  5)],
[( 112 ,  6),( 152 ,  12),( 154 ,  5),( 160 ,  7)],
[( 111 ,  6),( 155 ,  12),( 153 ,  5)],
[( 107 ,  7),( 111 ,  12),( 154 ,  5),( 156 ,  7)],
[( 106 ,  7),( 155 ,  12),( 157 ,  6)],
[( 156 ,  7),( 158 ,  13)],
[( 157 ,  7),( 159 ,  13)],
[( 158 ,  7),( 160 ,  13),( 161 ,  6)],
[( 151 ,  8),( 153 ,  13),( 159 ,  6),( 161 ,  6)],
[( 159 ,  8),( 160 ,  14),( 162 ,  7)],
[( 160 ,  8),( 163 ,  14)],
[( 151 ,  8),( 162 ,  14),( 164 ,  8)],
[( 163 ,  9),( 165 ,  13),( 200 ,  9)],
[( 151 ,  9),( 166 ,  13),( 164 ,  9),( 198 ,  6)],
[( 144 ,  9),( 148 ,  13),( 165 ,  10),( 167 ,  6)],
[( 143 ,  9),( 166 ,  13),( 168 ,  10),( 198 ,  6)],
[( 142 ,  9),( 167 ,  13),( 169 ,  11),( 197 ,  6)],
[( 141 ,  9),( 168 ,  13),( 170 ,  11),( 196 ,  6)],
[( 140 ,  9),( 169 ,  11),( 171 ,  12),( 195 ,  6)],
[( 139 ,  9),( 170 ,  11),( 172 ,  12),( 194 ,  6)],
[( 136 ,  9),( 137 ,  11),( 171 ,  12),( 173 ,  6),( 192 ,  11),( 193 ,  6)],
[( 172 ,  9),( 174 ,  10),( 190 ,  13),( 192 ,  6)],
[( 134 ,  9),( 136 ,  10),( 173 ,  14),( 175 ,  6)],
[( 174 ,  9),( 176 ,  10),( 178 ,  14),( 190 ,  6)],
[( 133 ,  9),( 177 ,  9),( 175 ,  14),( 344 ,  6)],
[( 176 ,  9),( 179 ,  9),( 178 ,  15),( 337 ,  6)],
