[( 500 ,  6),( 502 ,  7),( 509 ,  6),],
[( 501 ,  6),( 503 ,  7),],
[( 502 ,  6),( 504 ,  7),],
[( 503 ,  6),( 505 ,  7),],
[( 504 ,  7),( 506 ,  7),],
[( 505 ,  7),( 507 ,  7),( 509 ,  5),],
[( 506 ,  7),( 508 ,  7),],
[( 500 ,  8),( 507 ,  7),( 509 ,  5),],
[( 501 ,  8),( 506 ,  6),( 508 ,  5),],
[( 505 ,  9),( 511 ,  6),( 518 ,  5),],
[( 510 ,  9),( 512 ,  6),( 517 ,  5),],
[( 511 ,  10),( 513 ,  5),( 519 ,  5),],
[( 512 ,  10),( 514 ,  5),( 520 ,  5),],
[( 513 ,  10),( 515 ,  5),( 519 ,  5),( 528 ,  11),],
[( 514 ,  11),( 516 ,  5),( 529 ,  5),],
[( 515 ,  11),( 517 ,  5),( 519 ,  5),],
[( 512 ,  12),( 514 ,  5),( 516 ,  5),],
[( 513 ,  12),( 521 ,  4),( 526 ,  5),( 528 ,  12),],
[( 520 ,  12),( 522 ,  4),],
[( 521 ,  12),( 523 ,  4),( 526 ,  4),],
[( 522 ,  12),( 524 ,  4),( 531 ,  4),],
[( 523 ,  12),( 525 ,  4),],
[( 524 ,  12),( 527 ,  4),( 538 ,  4),],
[( 522 ,  13),( 520 ,  4),( 527 ,  4),],
[( 526 ,  13),( 528 ,  4),( 530 ,  4),( 525 ,  12),],
[( 520 ,  13),( 529 ,  4),( 527 ,  4),( 514 ,  12),],
[( 528 ,  13),( 530 ,  4),( 515 ,  4),],
[( 529 ,  13),( 527 ,  4),( 539 ,  4),],
[( 523 ,  13),( 538 ,  4),( 532 ,  5),],
[( 531 ,  12),( 533 ,  4),( 537 ,  5),],
[( 532 ,  12),( 534 ,  4),],
[( 533 ,  12),( 535 ,  4),( 541 ,  5),],
[( 534 ,  12),( 536 ,  4),( 542 ,  5),],
[( 535 ,  11),( 537 ,  4),( 543 ,  6),],
[( 532 ,  11),( 536 ,  4),( 538 ,  6),],
[( 531 ,  11),( 537 ,  4),( 539 ,  6),],
[( 530 ,  11),( 538 ,  4),( 540 ,  6),],
[( 539 ,  11),( 536 ,  4),( 544 ,  6),],
[( 534 ,  11),( 542 ,  4),( 547 ,  7),],
[( 541 ,  10),( 535 ,  4),( 543 ,  7),],
[( 542 ,  10),( 536 ,  4),( 544 ,  7),],
[( 543 ,  9),( 540 ,  4),( 545 ,  7),],
[( 544 ,  9),( 546 ,  5),( 556 ,  7),],
[( 547 ,  8),( 545 ,  5),( 548 ,  7),],
[( 541 ,  8),( 546 ,  6),( 549 ,  7),],
[( 546 ,  7),( 552 ,  6),( 555 ,  7),],
[( 547 ,  7),( 533 ,  6),( 550 ,  7),],
[( 549 ,  7),( 551 ,  6),( 561 ,  7),],
[( 550 ,  6),( 552 ,  6),( 562 ,  7),],
[( 551 ,  6),( 553 ,  6),( 548 ,  7),],
[( 552 ,  6),( 554 ,  7),( 563 ,  7),],
[( 553 ,  6),( 555 ,  7),( 565 ,  7),],
[( 548 ,  6),( 556 ,  7),( 554 ,  7),],
[( 545 ,  7),( 555 ,  8),( 557 ,  7),],
[( 558 ,  6),( 556 ,  8),( 665 ,  7),],
[( 557 ,  6),( 559 ,  8),],
[( 560 ,  7),( 564 ,  8),( 558 ,  7),( 755 ,  10),],
[( 561 ,  7),( 562 ,  8),( 559 ,  6),],
[( 560 ,  8),( 550 ,  8),( 566 ,  7),],
[( 560 ,  8),( 563 ,  8),( 551 ,  7),],
[( 562 ,  8),( 564 ,  8),( 553 ,  7),],
[( 563 ,  9),( 559 ,  9),( 565 ,  7),],
[( 554 ,  9),( 564 ,  9),( 557 ,  7),],
[( 561 ,  10),( 549 ,  9),( 567 ,  7),],
[( 566 ,  9),( 570 ,  9),( 568 ,  7),],
[( 569 ,  9),],
[( 567 ,  10),( 571 ,  9),( 573 ,  7),],
[( 570 ,  10),( 572 ,  8),],
[( 571 ,  10),( 573 ,  8),],
[( 568 ,  10),( 575 ,  8),( 581 ,  7),],
[( 574 ,  10),( 576 ,  8),],
[( 575 ,  11),( 577 ,  8),( 580 ,  8),],
[( 576 ,  11),( 578 ,  8),],
[( 577 ,  11),( 579 ,  8),( 588 ,  8),],
[( 578 ,  11),( 580 ,  8),( 587 ,  8),],
[( 579 ,  11),( 584 ,  8),( 576 ,  8),( 581 ,  4),],
[( 580 ,  11),( 582 ,  8),( 574 ,  8),],
[( 581 ,  10),( 583 ,  8),( 659 ,  8),],
[( 582 ,  10),( 584 ,  8),( 595 ,  9),],
[( 583 ,  10),( 580 ,  8),( 587 ,  9),( 585 ,  5),],
[( 584 ,  11),( 586 ,  8),( 594 ,  9),],
[( 585 ,  11),( 587 ,  7),( 590 ,  9),( 592 ,  6),],
[( 586 ,  10),( 584 ,  7),( 579 ,  9),( 588 ,  7),],
[( 587 ,  10),( 578 ,  7),( 589 ,  9),],
[( 588 ,  10),( 590 ,  7),],
[( 589 ,  9),( 591 ,  6),( 586 ,  8),],
[( 590 ,  9),( 592 ,  6),],
[( 591 ,  8),( 586 ,  6),( 593 ,  8),],
[( 592 ,  8),( 594 ,  6),( 599 ,  8),],
[( 593 ,  8),( 585 ,  5),( 595 ,  8),],
[( 594 ,  7),( 583 ,  5),( 596 ,  8),],
[( 595 ,  7),( 597 ,  5),],
[( 596 ,  8),( 598 ,  6),],
[( 597 ,  7),( 599 ,  6),],
[( 598 ,  7),( 593 ,  6),( 600 ,  7),],
[( 599 ,  7),( 601 ,  6),( 639 ,  7),],
[( 600 ,  6),( 602 ,  5),],
[( 601 ,  6),( 603 ,  6),( 640 ,  7),],
[( 602 ,  6),( 604 ,  6),],
[( 603 ,  6),( 605 ,  6),],
[( 604 ,  6),( 606 ,  6),],
[( 605 ,  6),( 607 ,  6),( 635 ,  6),],
[( 606 ,  6),( 608 ,  7),],
[( 607 ,  6),( 609 ,  7),],
[( 608 ,  6),( 610 ,  7),],
[( 609 ,  6),( 611 ,  7),],
[( 610 ,  7),( 612 ,  7),( 616 ,  5),],
[( 611 ,  7),( 613 ,  7),( 615 ,  5),],
[( 612 ,  7),( 614 ,  7),],
[( 613 ,  7),( 615 ,  8),( 619 ,  5),],
[( 614 ,  7),( 612 ,  8),( 616 ,  5),( 618 ,  5),],
[( 611 ,  7),( 615 ,  9),( 617 ,  5),],
[( 616 ,  7),( 618 ,  9),( 606 ,  5),],
[( 617 ,  7),( 615 ,  9),( 619 ,  5),],
[( 614 ,  7),( 618 ,  9),( 620 ,  5),],
[( 619 ,  7),( 628 ,  9),( 621 ,  5),],
[( 620 ,  7),( 622 ,  9),( 627 ,  5),],
[( 621 ,  7),( 623 ,  9),],
[( 622 ,  7),( 624 ,  8),],
[( 623 ,  6),( 625 ,  8),],
[( 624 ,  6),( 623 ,  8),( 626 ,  6),( 654 ,  5),],
[( 625 ,  6),( 627 ,  8),( 654 ,  6),( 649 ,  5),( 650 ,  11),( 652 ,  6),],
[( 621 ,  6),( 626 ,  8),( 628 ,  7),],
[( 627 ,  6),( 620 ,  8),( 629 ,  7),( 649 ,  5),],
[( 628 ,  6),( 630 ,  8),( 618 ,  8),],
[( 629 ,  6),( 617 ,  8),( 631 ,  8),( 649 ,  5),],
[( 630 ,  6),( 634 ,  7),( 633 ,  8),( 648 ,  5),( 647 ,  10),],
[( 631 ,  6),( 633 ,  7),( 610 ,  8),],
[( 631 ,  6),( 632 ,  7),( 634 ,  8),( 646 ,  6),],
[( 633 ,  6),( 608 ,  7),( 635 ,  9),( 645 ,  7),],
[( 634 ,  6),( 606 ,  7),( 636 ,  9),],
[( 635 ,  7),( 637 ,  7),( 644 ,  9),],
[( 636 ,  7),( 638 ,  7),( 643 ,  9),],
[( 637 ,  7),( 642 ,  7),( 639 ,  9),],
[( 638 ,  7),( 641 ,  7),( 640 ,  9),( 600 ,  8),],
[( 639 ,  7),( 602 ,  7),( 604 ,  9),],
[( 639 ,  7),( 642 ,  7),],
[( 641 ,  7),( 638 ,  7),],
[( 637 ,  7),( 658 ,  7),],
[( 657 ,  7),( 645 ,  7),( 636 ,  9),],
[( 653 ,  7),( 644 ,  7),( 634 ,  9),( 646 ,  8),],
[( 645 ,  7),( 633 ,  8),( 647 ,  9),],
[( 648 ,  7),( 651 ,  8),( 646 ,  8),( 631 ,  8),],
[( 649 ,  7),( 647 ,  8),( 650 ,  8),( 631 ,  8),],
[( 648 ,  7),( 628 ,  8),( 630 ,  8),( 626 ,  8),],
[( 648 ,  6),( 651 ,  8),( 626 ,  7),],
[( 652 ,  6),( 650 ,  9),( 617 ,  7),],
[( 651 ,  6),( 626 ,  9),( 655 ,  6),( 653 ,  8),],
[( 652 ,  6),( 656 ,  9),( 645 ,  6),],
[( 625 ,  6),( 626 ,  9),( 655 ,  6),],
[( 654 ,  6),( 652 ,  11),( 656 ,  5),],
[( 655 ,  6),( 653 ,  11),( 657 ,  5),],
[( 656 ,  6),( 644 ,  11),( 658 ,  5),],
[( 657 ,  6),( 659 ,  12),( 643 ,  5),],
[( 658 ,  6),( 643 ,  12),( 582 ,  5),],
[( 622 ,  7),( 661 ,  12),( 670 ,  5),],
[( 660 ,  7),( 662 ,  12),( 663 ,  6),],
[( 661 ,  7),( 669 ,  13),],
[( 661 ,  7),( 667 ,  13),( 664 ,  6),],
[( 663 ,  7),( 665 ,  13),],
[( 664 ,  8),( 665 ,  13),],
[( 665 ,  8),( 664 ,  14),( 667 ,  7),( 677 ,  6),],
[( 666 ,  8),( 663 ,  14),( 668 ,  7),( 674 ,  6),],
[( 667 ,  8),( 669 ,  14),( 672 ,  8),],
[( 662 ,  9),( 668 ,  13),( 670 ,  9),( 672 ,  6),],
[( 660 ,  9),( 669 ,  13),( 671 ,  9),],
[( 670 ,  9),( 672 ,  13),( 690 ,  10),],
[( 668 ,  9),( 669 ,  13),( 671 ,  10),( 673 ,  6),],
[( 672 ,  9),( 689 ,  13),( 674 ,  11),],
[( 673 ,  9),( 667 ,  13),( 675 ,  11),],
[( 674 ,  9),( 666 ,  11),( 676 ,  12),],
[( 675 ,  9),( 677 ,  11),( 686 ,  12),],
[( 666 ,  9),( 676 ,  11),( 678 ,  12),],
[( 677 ,  9),( 679 ,  10),( 686 ,  13),],
[( 678 ,  9),( 684 ,  10),( 680 ,  14),],
[( 679 ,  9),( 708 ,  10),( 681 ,  14),],
[( 680 ,  9),( 682 ,  9),],
[( 681 ,  9),( 683 ,  9),( 705 ,  15),( 708 ,  6),],
[( 708 ,  9),( 682 ,  8),( 707 ,  15),],
[( 679 ,  9),( 708 ,  7),( 685 ,  15),],
[( 684 ,  9),( 686 ,  7),( 707 ,  15),],
[( 678 ,  9),( 676 ,  6),( 687 ,  15),( 685 ,  7),],
[( 686 ,  9),( 688 ,  6),],
[( 687 ,  8),( 707 ,  5),( 689 ,  15),( 697 ,  7),],
[( 688 ,  8),( 673 ,  4),( 690 ,  15),( 696 ,  7),],
[( 671 ,  8),( 689 ,  4),( 691 ,  15),( 625 ,  8),],
[( 690 ,  8),( 696 ,  4),( 692 ,  15),],
[( 691 ,  8),( 695 ,  5),( 693 ,  15),],
[( 692 ,  7),( 694 ,  5),],
[( 693 ,  7),( 695 ,  6),( 702 ,  14),( 698 ,  8),],
[( 691 ,  7),( 689 ,  7),( 695 ,  14),( 697 ,  9),],
[( 688 ,  7),( 696 ,  7),( 698 ,  13),( 706 ,  9),],
[( 697 ,  7),( 695 ,  8),( 694 ,  13),( 701 ,  9),],
[( 697 ,  6),( 700 ,  8),( 706 ,  12),],
[( 699 ,  6),( 704 ,  10),( 701 ,  11),],
[( 700 ,  6),( 698 ,  10),( 702 ,  11),],
[( 694 ,  6),( 701 ,  10),( 703 ,  10),],
[( 702 ,  6),],
[( 700 ,  6),( 705 ,  11),],
[( 705 ,  6),( 707 ,  11),( 699 ,  9),],
[( 706 ,  6),( 688 ,  12),( 683 ,  9),( 685 ,  10),],
[( 728 ,  6),( 209 ,  12),],
[( 708 ,  6),( 729 ,  12),( 710 ,  8),],
[( 709 ,  6),( 730 ,  14),( 711 ,  8),],
[( 710 ,  6),( 731 ,  14),( 712 ,  7),],
[( 711 ,  6),( 740 ,  14),( 713 ,  6),],
[( 712 ,  6),( 714 ,  14),],
[( 713 ,  6),( 510 ,  15),],
[( 682 ,  6),( 708 ,  15),],
[( 705 ,  6),( 728 ,  15),],
[( 700 ,  6),( 726 ,  15),],
[( 701 ,  6),( 725 ,  15),],
[( 713 ,  6),( 740 ,  15),( 715 ,  4),],
[( 714 ,  6),( 739 ,  15),( 716 ,  3),],
[( 715 ,  6),( 741 ,  16),( 717 ,  3),],
[( 716 ,  6),( 742 ,  16),( 718 ,  4),],
[( 717 ,  6),],
[( 720 ,  5),( 744 ,  14),],
[( 719 ,  5),( 721 ,  14),],
[( 720 ,  5),( 722 ,  14),],
[( 721 ,  5),( 723 ,  14),],
[( 722 ,  6),( 724 ,  14),],
[( 723 ,  6),( 725 ,  14),],
[( 724 ,  6),( 736 ,  14),],
[( 725 ,  6),( 727 ,  13),],
[( 726 ,  6),( 728 ,  13),],
[( 708 ,  6),( 727 ,  13),],
[( 709 ,  6),( 729 ,  11),],
[( 710 ,  7),( 729 ,  11),( 731 ,  6),],
[( 711 ,  7),( 730 ,  12),( 732 ,  6),],
[( 731 ,  7),( 740 ,  11),( 733 ,  6),],
[( 732 ,  7),( 734 ,  11),( 738 ,  6),],
[( 733 ,  7),( 737 ,  11),( 735 ,  6),],
[( 734 ,  7),( 736 ,  10),],
[( 735 ,  7),( 725 ,  10),( 737 ,  6),],
[( 734 ,  7),( 736 ,  10),( 738 ,  6),],
[( 737 ,  7),( 733 ,  9),( 739 ,  6),],
[( 715 ,  7),( 738 ,  9),( 740 ,  6),( 741 ,  5),],
[( 712 ,  7),( 714 ,  9),( 732 ,  6),( 739 ,  5),],
[( 716 ,  7),( 739 ,  8),( 742 ,  5),],
[( 717 ,  6),( 741 ,  8),( 743 ,  6),],
[( 742 ,  6),( 744 ,  9),],
[( 719 ,  7),( 743 ,  9),],
[( 709 ,  7),( 746 ,  9),],
[( 745 ,  7),( 747 ,  8),],
[( 746 ,  7),( 748 ,  8),],
[( 747 ,  6),( 749 ,  8),],
[( 748 ,  6),( 750 ,  8),],
[( 749 ,  6),( 712 ,  8),],
[( 752 ,  6),( 776 ,  8),],
[( 751 ,  6),( 753 ,  8),( 775 ,  6),],
[( 752 ,  6),( 754 ,  8),( 762 ,  6),],
[( 753 ,  6),( 755 ,  8),( 761 ,  6),],
[( 754 ,  6),( 760 ,  8),],
[( 757 ,  6),( 758 ,  8),],
[( 756 ,  7),( 758 ,  8),],
[( 756 ,  7),( 757 ,  8),( 759 ,  6),],
[( 753 ,  7),( 760 ,  7),( 766 ,  6),],
[( 755 ,  8),( 759 ,  7),( 761 ,  6),],
[( 754 ,  8),( 760 ,  7),( 762 ,  6),],
[( 753 ,  8),( 761 ,  7),( 763 ,  6),],
[( 762 ,  8),( 759 ,  7),( 764 ,  5),],
[( 763 ,  9),( 765 ,  6),],
[( 764 ,  9),( 766 ,  6),( 769 ,  5),],
[( 759 ,  9),( 765 ,  5),( 768 ,  5),],
[( 768 ,  9),],
[( 766 ,  9),( 769 ,  5),( 770 ,  5),],
[( 768 ,  10),( 798 ,  4),],
[( 768 ,  10),( 803 ,  4),( 799 ,  5),],
[( 803 ,  10),( 802 ,  4),( 772 ,  5),],
[( 771 ,  10),( 783 ,  4),( 773 ,  4),],
[( 772 ,  10),( 774 ,  4),],
[( 764 ,  10),( 776 ,  4),( 773 ,  4),],
[( 752 ,  10),( 768 ,  4),( 776 ,  4),],
[( 775 ,  10),( 751 ,  3),( 777 ,  4),],
[( 776 ,  10),( 778 ,  4),( 779 ,  4),],
[( 777 ,  10),( 764 ,  4),( 775 ,  4),( 780 ,  6),],
[( 777 ,  10),( 780 ,  5),( 781 ,  4),],
[( 778 ,  10),( 779 ,  6),( 782 ,  4),],
[( 779 ,  10),( 782 ,  6),],
[( 780 ,  10),( 781 ,  6),( 783 ,  5),],
[( 772 ,  9),( 782 ,  7),( 784 ,  5),],
[( 783 ,  9),( 785 ,  7),( 802 ,  5),],
[( 784 ,  9),( 786 ,  7),],
[( 785 ,  9),( 787 ,  7),],
[( 786 ,  9),( 790 ,  8),],
[( 789 ,  8),],
[( 788 ,  8),( 790 ,  9),],
[( 787 ,  8),( 789 ,  9),( 791 ,  7),],
[( 790 ,  8),( 786 ,  10),( 792 ,  7),],
[( 791 ,  7),( 785 ,  10),],
[( 795 ,  7),( 801 ,  10),],
[( 795 ,  7),],
[( 794 ,  7),( 793 ,  11),( 796 ,  7),],
[( 797 ,  6),( 795 ,  11),],
[( 796 ,  6),( 798 ,  11),],
[( 797 ,  6),( 799 ,  11),( 769 ,  7),],
[( 798 ,  6),( 797 ,  11),( 800 ,  7),( 770 ,  7),],
[( 799 ,  6),( 801 ,  11),( 803 ,  7),],
[( 800 ,  6),( 802 ,  11),( 793 ,  7),],
[( 801 ,  6),( 784 ,  12),( 771 ,  7),],
[( 804 ,  6),( 808 ,  12),],
[( 803 ,  6),( 807 ,  12),( 805 ,  7),],
[( 804 ,  6),( 806 ,  12),],
[( 805 ,  5),( 823 ,  12),( 807 ,  8),],
[( 804 ,  5),( 806 ,  12),( 808 ,  8),],
[( 803 ,  5),( 807 ,  11),( 809 ,  7),],
[( 810 ,  5),( 808 ,  11),( 812 ,  7),],
[( 809 ,  5),( 813 ,  11),( 811 ,  7),],
[( 810 ,  5),( 812 ,  10),( 817 ,  7),],
[( 809 ,  5),( 811 ,  10),( 819 ,  7),],
[( 806 ,  4),( 810 ,  10),( 814 ,  7),],
[( 813 ,  4),( 815 ,  9),],
[( 814 ,  4),( 816 ,  9),],
[( 815 ,  4),( 817 ,  9),( 823 ,  8),],
[( 811 ,  4),( 816 ,  8),( 818 ,  8),],
[( 817 ,  4),( 819 ,  8),( 820 ,  8),],
[( 812 ,  4),( 818 ,  7),],
[( 818 ,  4),( 821 ,  6),],
[( 820 ,  4),( 823 ,  6),( 822 ,  9),],
[( 821 ,  4),( 824 ,  5),( 825 ,  9),( 837 ,  10),],
[( 816 ,  3),( 821 ,  5),( 824 ,  9),],
[( 823 ,  3),( 822 ,  4),( 826 ,  10),],
[( 822 ,  3),( 827 ,  4),( 836 ,  10),],
[( 824 ,  3),( 827 ,  4),],
[( 825 ,  3),( 826 ,  4),( 828 ,  10),( 835 ,  12),],
[( 827 ,  4),( 829 ,  4),( 838 ,  10),],
[( 828 ,  4),( 830 ,  5),],
[( 829 ,  4),( 831 ,  5),],
[( 832 ,  4),( 838 ,  5),( 832 ,  10),],
[( 831 ,  4),( 833 ,  6),],
[( 834 ,  5),( 832 ,  6),],
[( 833 ,  5),( 835 ,  6),],
[( 834 ,  5),( 836 ,  8),( 838 ,  11),( 827 ,  13),],
[( 835 ,  5),( 837 ,  8),( 825 ,  11),],
[( 822 ,  5),( 820 ,  8),( 836 ,  11),],
[( 835 ,  5),( 831 ,  8),( 828 ,  11),],
[( 840 ,  5),],
[( 842 ,  5),( 845 ,  8),( 839 ,  10),],
[( 840 ,  5),( 842 ,  8),( 846 ,  10),],
[( 841 ,  5),( 843 ,  8),],
[( 842 ,  6),( 844 ,  8),( 862 ,  10),],
[( 843 ,  6),( 866 ,  8),],
[( 840 ,  6),( 846 ,  8),( 847 ,  9),],
[( 841 ,  6),( 845 ,  8),( 848 ,  9),],
[( 845 ,  6),( 848 ,  7),( 849 ,  9),],
[( 846 ,  5),( 847 ,  7),( 850 ,  8),],
[( 847 ,  5),( 850 ,  7),( 851 ,  8),],
[( 849 ,  5),( 848 ,  7),( 852 ,  8),( 858 ,  9),],
[( 849 ,  5),( 852 ,  7),],
[( 851 ,  5),( 850 ,  6),( 854 ,  7),],
[( 854 ,  5),( 855 ,  7),],
[( 852 ,  5),( 853 ,  7),( 857 ,  7),],
[( 853 ,  5),( 856 ,  7),],
[( 855 ,  5),( 859 ,  6),],
[( 854 ,  7),( 858 ,  6),],
[( 857 ,  7),( 850 ,  6),( 861 ,  6),( 859 ,  7),],
[( 658 ,  7),( 656 ,  6),( 664 ,  6),],
[( 861 ,  7),( 848 ,  6),],
[( 860 ,  7),( 858 ,  6),( 862 ,  6),],
[( 860 ,  7),( 861 ,  7),( 843 ,  6),( 863 ,  6),],
[( 862 ,  8),( 864 ,  7),( 866 ,  7),],
[( 863 ,  8),( 865 ,  7),( 859 ,  7),],
[( 862 ,  8),( 864 ,  8),( 866 ,  7),],
[( 863 ,  8),( 865 ,  8),( 859 ,  7),],
[( 864 ,  8),( 889 ,  8),( 885 ,  8),],
[( 844 ,  8),( 863 ,  9),( 870 ,  8),( 867 ,  7),],
[( 866 ,  8),( 868 ,  9),( 872 ,  8),],
[( 867 ,  8),( 869 ,  9),( 873 ,  8),],
[( 868 ,  8),( 874 ,  9),],
[( 866 ,  8),( 871 ,  10),],
[( 870 ,  8),( 872 ,  10),( 875 ,  8),],
[( 867 ,  8),( 871 ,  10),( 873 ,  8),( 877 ,  7),],
[( 868 ,  8),( 872 ,  9),( 874 ,  8),( 878 ,  7),],
[( 869 ,  8),( 873 ,  10),( 881 ,  8),],
[( 871 ,  8),( 879 ,  10),( 876 ,  8),],
[( 875 ,  8),( 877 ,  10),( 880 ,  8),],
[( 876 ,  8),( 878 ,  10),( 872 ,  8),],
[( 873 ,  7),( 877 ,  10),],
[( 875 ,  7),( 891 ,  10),],
[( 876 ,  7),( 882 ,  10),( 881 ,  8),],
[( 880 ,  7),( 884 ,  10),( 874 ,  7),],
[( 880 ,  7),( 883 ,  10),],
[( 882 ,  7),( 884 ,  10),],
[( 883 ,  7),( 881 ,  10),],
[( 865 ,  6),( 887 ,  10),( 886 ,  6),],
[( 885 ,  6),( 888 ,  10),( 893 ,  6),],
[( 885 ,  6),( 888 ,  10),],
[( 886 ,  6),( 887 ,  10),( 894 ,  6),],
[( 865 ,  6),( 890 ,  10),],
[( 891 ,  6),],
[( 890 ,  6),( 879 ,  10),( 892 ,  6),],
[( 891 ,  6),( 898 ,  9),( 895 ,  6),],
[( 894 ,  6),],
[( 893 ,  5),( 888 ,  9),( 895 ,  6),],
[( 894 ,  5),( 892 ,  9),( 899 ,  6),],
[( 897 ,  5),],
[( 896 ,  5),( 898 ,  9),],
[( 892 ,  5),( 897 ,  9),],
[( 895 ,  5),],
[( 901 ,  5),( 902 ,  9),],
[( 900 ,  5),],
[( 900 ,  5),( 903 ,  8),],
[( 902 ,  5),( 904 ,  8),],
[( 903 ,  5),( 905 ,  8),],
[( 904 ,  5),( 906 ,  8),],
[( 905 ,  5),( 907 ,  9),( 908 ,  7),],
[( 906 ,  5),( 913 ,  9),],
[( 906 ,  5),( 909 ,  9),( 910 ,  7),],
[( 907 ,  5),( 908 ,  9),( 911 ,  7),],
[( 908 ,  5),( 921 ,  9),( 920 ,  6),],
[( 909 ,  5),( 910 ,  9),( 931 ,  6),( 933 ,  7),],
[( 936 ,  5),( 914 ,  9),],
[( 907 ,  5),( 916 ,  9),( 914 ,  6),],
[( 913 ,  5),( 917 ,  10),( 915 ,  6),],
[( 914 ,  5),( 918 ,  10),( 912 ,  6),],
[( 913 ,  5),( 917 ,  10),],
[( 916 ,  6),( 914 ,  10),( 918 ,  5),],
[( 917 ,  6),( 915 ,  10),],
[( 920 ,  6),( 922 ,  10),],
[( 919 ,  6),( 910 ,  10),( 923 ,  5),],
[( 910 ,  6),( 911 ,  10),( 928 ,  4),],
[( 919 ,  7),( 924 ,  10),( 936 ,  4),],
[( 920 ,  7),( 924 ,  11),( 926 ,  4),],
[( 922 ,  7),( 923 ,  11),( 925 ,  4),],
[( 922 ,  7),( 923 ,  11),( 925 ,  5),],
[( 924 ,  7),( 926 ,  11),],
[( 923 ,  7),( 925 ,  11),( 927 ,  5),],
[( 926 ,  7),( 928 ,  11),],
[( 927 ,  7),( 929 ,  11),],
[( 928 ,  7),( 930 ,  11),],
[( 929 ,  7),( 931 ,  11),( 934 ,  6),],
[( 911 ,  7),( 930 ,  11),( 932 ,  6),],
[( 933 ,  6),( 931 ,  11),( 934 ,  6),],
[( 911 ,  6),( 932 ,  11),( 912 ,  6),],
[( 930 ,  6),( 932 ,  11),( 935 ,  6),],
[( 934 ,  6),( 912 ,  11),],
[( 922 ,  6),( 936 ,  11),( 938 ,  7),],
[( 938 ,  6),( 939 ,  11),],
[( 936 ,  6),( 937 ,  10),( 940 ,  6),],
[( 937 ,  6),],
[( 938 ,  6),( 941 ,  10),],
[( 940 ,  6),( 942 ,  10),],
[( 941 ,  6),( 944 ,  10),( 943 ,  6),],
[( 942 ,  6),( 947 ,  9),],
[( 942 ,  6),( 947 ,  9),( 945 ,  6),],
[( 944 ,  6),( 946 ,  9),],
[( 943 ,  6),( 944 ,  9),( 946 ,  6),],
[( 946 ,  6),( 949 ,  9),],
[( 948 ,  6),],
[( 852 ,  6),( 951 ,  8),],
[( 950 ,  6),( 952 ,  8),( 955 ,  8),],
[( 951 ,  6),( 953 ,  8),],
[( 952 ,  6),( 954 ,  7),],
[( 953 ,  6),( 955 ,  7),],
[( 954 ,  5),( 951 ,  7),( 956 ,  8),],
[( 955 ,  5),( 957 ,  7),],
[( 956 ,  5),( 958 ,  6),],
[( 959 ,  5),( 969 ,  6),],
[( 958 ,  5),( 960 ,  6),],
[( 959 ,  5),( 961 ,  6),],
[( 960 ,  5),( 962 ,  6),],
[( 961 ,  5),( 963 ,  6),],
[( 962 ,  5),( 964 ,  7),( 968 ,  11),],
[( 963 ,  5),( 965 ,  7),],
[( 964 ,  5),( 968 ,  7),( 967 ,  12),],
[( 967 ,  5),],
[( 965 ,  5),( 966 ,  8),],
[( 963 ,  5),( 965 ,  8),],
[( 958 ,  5),( 970 ,  8),( 974 ,  14),],
[( 969 ,  5),( 971 ,  8),],
[( 970 ,  5),( 972 ,  9),( 975 ,  14),],
[( 971 ,  5),( 973 ,  9),( 899 ,  15),],
[( 974 ,  5),( 972 ,  9),( 894 ,  15),],
[( 969 ,  5),( 893 ,  9),( 973 ,  15),],
[( 971 ,  6),( 976 ,  9),( 977 ,  15),],
[( 975 ,  6),( 978 ,  9),],
[( 976 ,  6),( 979 ,  9),( 990 ,  15),],
[( 978 ,  6),( 980 ,  9),],
[( 979 ,  6),( 981 ,  9),( 995 ,  14),],
[( 980 ,  6),],
[( 983 ,  6),( 988 ,  8),],
[( 983 ,  5),( 988 ,  8),],
[( 982 ,  5),( 990 ,  8),( 984 ,  13),],
[( 983 ,  5),( 985 ,  8),],
[( 984 ,  6),( 987 ,  8),( 986 ,  13),],
[( 985 ,  6),( 999 ,  7),],
[( 982 ,  6),( 897 ,  7),( 991 ,  12),],
[( 896 ,  6),( 992 ,  7),( 987 ,  12),],
[( 978 ,  6),( 983 ,  6),],
[( 992 ,  6),( 988 ,  6),( 999 ,  11),],
[( 989 ,  6),( 991 ,  6),( 993 ,  11),],
[( 994 ,  6),( 992 ,  6),],
[( 993 ,  6),],
[( 980 ,  6),( 996 ,  6),],
[( 995 ,  6),( 997 ,  6),],
[( 996 ,  6),( 998 ,  6),],
[( 997 ,  6),( 999 ,  7),],
[( 998 ,  6),( 986 ,  7),( 991 ,  8),],
