[( 1 ,  6),( 41 ,  7)],
[( 0 ,  6),( 2 ,  7),( 163 ,  6)],
[( 1 ,  6),( 3 ,  7),( 164 ,  6)],
[( 2 ,  6),( 4 ,  7),( 40 ,  6)],
[( 3 ,  7),( 5 ,  7),( 38 ,  6),( 167 ,  8)],
[( 4 ,  7),( 6 ,  7),( 168 ,  5)],
[( 5 ,  7),( 7 ,  7),( 36 ,  5),( 169 ,  8)],
[( 6 ,  8),( 8 ,  7),( 35 ,  5),( 170 ,  9)],
[( 7 ,  8),( 9 ,  6),( 33 ,  5),( 171 ,  9)],
[( 8 ,  9),( 10 ,  6),( 31 ,  5),( 172 ,  9)],
[( 9 ,  9),( 11 ,  6),( 30 ,  5),( 173 ,  10)],
[( 10 ,  10),( 12 ,  5),( 29 ,  5),( 174 ,  10)],
[( 11 ,  10),( 13 ,  5),( 28 ,  5),( 175 ,  10)],
[( 12 ,  10),( 14 ,  5),( 27 ,  5),( 176 ,  11)],
[( 13 ,  11),( 15 ,  5),( 26 ,  5),( 177 ,  11)],
[( 14 ,  11),( 16 ,  5),( 25 ,  5),( 178 ,  11)],
[( 15 ,  12),( 17 ,  5),( 24 ,  5),( 179 ,  12)],
[( 16 ,  12),( 18 ,  4),( 23 ,  5),( 180 ,  12)],
[( 17 ,  12),( 19 ,  4),( 21 ,  5),( 181 ,  12)],
[( 18 ,  12),( 20 ,  4)],
[( 19 ,  12),( 21 ,  4)],
[( 18 ,  12),( 20 ,  4),( 22 ,  4)],
[( 21 ,  12),( 23 ,  4)],
[( 17 ,  13),( 22 ,  4),( 24 ,  4)],
[( 16 ,  13),( 23 ,  4),( 25 ,  4),( 61 ,  12)],
[( 15 ,  13),( 24 ,  4),( 26 ,  4),( 60 ,  12)],
[( 14 ,  13),( 25 ,  4),( 27 ,  4),( 59 ,  12)],
[( 13 ,  13),( 26 ,  4),( 28 ,  4),( 58 ,  12)],
[( 12 ,  13),( 27 ,  4),( 29 ,  5),( 55 ,  12)],
[( 11 ,  12),( 28 ,  4),( 30 ,  5),( 54 ,  11)],
[( 10 ,  12),( 29 ,  4),( 31 ,  5),( 53 ,  11)],
[( 9 ,  12),( 30 ,  4),( 32 ,  5),( 52 ,  11)],
[( 31 ,  12),( 33 ,  4),( 52 ,  5)],
[( 8 ,  11),( 32 ,  4),( 34 ,  6),( 51 ,  10)],
[( 33 ,  11),( 35 ,  4),( 50 ,  6)],
[( 7 ,  11),( 34 ,  4),( 36 ,  6),( 49 ,  9)],
[( 6 ,  11),( 35 ,  4),( 37 ,  6),( 48 ,  9)],
[( 36 ,  11),( 38 ,  4),( 47 ,  6)],
[( 4 ,  11),( 37 ,  4),( 39 ,  7)],
[( 38 ,  10),( 40 ,  4),( 46 ,  7)],
[( 3 ,  10),( 39 ,  4),( 41 ,  7)],
[( 0 ,  9),( 40 ,  4),( 42 ,  7),( 44 ,  6)],
[( 41 ,  9),( 43 ,  5),( 367 ,  7)],
[( 42 ,  8),( 44 ,  5),( 80 ,  7),( 78 ,  6)],
[( 41 ,  8),( 43 ,  6),( 45 ,  7)],
[( 44 ,  7),( 46 ,  6),( 75 ,  7),( 78 ,  7)],
[( 39 ,  7),( 45 ,  6),( 47 ,  7)],
[( 37 ,  7),( 46 ,  6),( 48 ,  7),( 75 ,  7)],
[( 36 ,  6),( 47 ,  6),( 49 ,  7),( 73 ,  8)],
[( 35 ,  6),( 48 ,  6),( 20 ,  7),( 72 ,  8)],
[( 32 ,  6),( 49 ,  7),( 21 ,  7),( 71 ,  9)],
[( 33 ,  6),( 50 ,  7),( 52 ,  7),( 70 ,  9)],
[( 31 ,  6),( 32 ,  7),( 51 ,  7),( 53 ,  9),( 68 ,  7),( 69 ,  6)],
[( 30 ,  7),( 52 ,  8),( 54 ,  7),( 68 ,  9)],
[( 29 ,  6),( 53 ,  8),( 55 ,  7),( 67 ,  10)],
[( 28 ,  6),( 54 ,  8),( 56 ,  7),( 66 ,  10)],
[( 55 ,  7),( 66 ,  8),( 57 ,  7),( 58 ,  10)],
[( 56 ,  7),( 58 ,  8),( 65 ,  6)],
[( 27 ,  8),( 56 ,  8),( 59 ,  7),( 57 ,  11)],
[( 26 ,  8),( 58 ,  8),( 60 ,  7),( 64 ,  11)],
[( 25 ,  8),( 59 ,  8),( 61 ,  7),( 62 ,  11)],
[( 23 ,  9),( 60 ,  9),( 62 ,  7)],
[( 60 ,  9),( 63 ,  9),( 104 ,  7)],
[( 62 ,  10),( 64 ,  9),( 103 ,  7)],
[( 59 ,  9),( 63 ,  9),( 65 ,  7),( 103 ,  9)],
[( 57 ,  9),( 64 ,  9),( 66 ,  7),( 101 ,  9)],
[( 55 ,  10),( 65 ,  9),( 67 ,  7),( 100 ,  9)],
[( 54 ,  10),( 66 ,  8),( 68 ,  7),( 99 ,  8)],
[( 53 ,  10),( 67 ,  8),( 69 ,  7),( 99 ,  8)],
[( 52 ,  10),( 68 ,  8),( 70 ,  7),( 97 ,  8)],
[( 51 ,  10),( 69 ,  8),( 71 ,  8),( 96 ,  7)],
[( 50 ,  11),( 70 ,  8),( 72 ,  8),( 95 ,  7)],
[( 49 ,  11),( 71 ,  8),( 73 ,  8),( 94 ,  6)],
[( 48 ,  11),( 72 ,  8),( 74 ,  8),( 75 ,  6)],
[( 73 ,  11),( 75 ,  8),( 90 ,  8),( 93 ,  5)],
[( 45 ,  11),( 47 ,  8),( 74 ,  8),( 76 ,  4)],
[( 75 ,  11),( 77 ,  8),( 90 ,  8)],
[( 76 ,  10),( 78 ,  8),( 86 ,  8),( 89 ,  4)],
[( 43 ,  10),( 45 ,  8),( 77 ,  9),( 79 ,  5)],
[( 78 ,  10),( 80 ,  8),( 84 ,  9),( 86 ,  5)],
[( 43 ,  11),( 79 ,  8),( 81 ,  9),( 367 ,  6)],
[( 80 ,  11),( 82 ,  7),( 84 ,  9),( 366 ,  6)],
[( 81 ,  10),( 83 ,  7),( 355 ,  9),( 360 ,  7)],
[( 82 ,  10),( 84 ,  7),( 129 ,  9),( 354 ,  8)],
[( 79 ,  10),( 81 ,  7),( 83 ,  8),( 85 ,  8)],
[( 84 ,  9),( 86 ,  6),( 87 ,  8),( 353 ,  8)],
[( 79 ,  9),( 77 ,  6),( 85 ,  8)],
[( 85 ,  8),( 88 ,  6),( 129 ,  8)],
[( 87 ,  8),( 89 ,  6),( 125 ,  8)],
[( 77 ,  8),( 88 ,  5),( 90 ,  8),( 123 ,  9)],
[( 74 ,  7),( 76 ,  5),( 89 ,  8),( 91 ,  9)],
[( 91 ,  7),( 92 ,  5),( 123 ,  8)],
[( 91 ,  8),( 93 ,  6),( 120 ,  7)],
[( 74 ,  7),( 92 ,  6),( 94 ,  7)],
[( 92 ,  7),( 93 ,  6),( 95 ,  7)],
[( 71 ,  7),( 94 ,  6),( 96 ,  7)],
[( 70 ,  6),( 95 ,  5),( 97 ,  7),( 119 ,  10)],
[( 69 ,  6),( 96 ,  6),( 98 ,  7),( 118 ,  9)],
[( 68 ,  6),( 97 ,  6),( 99 ,  6),( 17 ,  9)],
[( 66 ,  6),( 67 ,  6),( 68 ,  6),( 98 ,  9),( 115 ,  9),( 116 ,  6),( 117 ,  6)],
[( 66 ,  6),( 99 ,  6),( 101 ,  6),( 114 ,  9)],
[( 65 ,  6),( 100 ,  6),( 102 ,  6),( 103 ,  8)],
[( 101 ,  6),( 103 ,  7),( 108 ,  6)],
[( 63 ,  6),( 64 ,  7),( 102 ,  6),( 104 ,  8)],
[( 62 ,  6),( 103 ,  7),( 105 ,  6)],
[( 102 ,  6),( 104 ,  7),( 106 ,  5)],
[( 102 ,  7),( 107 ,  7),( 156 ,  5)],
[( 106 ,  7),( 108 ,  7),( 155 ,  5)],
[( 101 ,  7),( 102 ,  7),( 107 ,  5),( 109 ,  6)],
[( 108 ,  7),( 114 ,  8),( 110 ,  5)],
[( 109 ,  7),( 118 ,  8),( 111 ,  5)],
[( 110 ,  7),( 112 ,  9),( 154 ,  5),( 155 ,  5)],
[( 111 ,  7),( 113 ,  9),( 152 ,  5),( 153 ,  5)],
[( 110 ,  7),( 112 ,  9),( 114 ,  5),( 115 ,  5)],
[( 100 ,  7),( 109 ,  9),( 113 ,  5)],
[( 99 ,  7),( 113 ,  9),( 116 ,  5)],
[( 99 ,  7),( 115 ,  9),( 117 ,  5),( 150 ,  5)],
[( 98 ,  7),( 116 ,  9),( 118 ,  5),( 140 ,  5)],
[( 97 ,  7),( 119 ,  8),( 117 ,  5),( 146 ,  5)],
[( 96 ,  6),( 118 ,  8),( 120 ,  5)],
[( 92 ,  6),( 119 ,  8),( 121 ,  6),( 145 ,  5)],
[( 120 ,  6),( 122 ,  8),( 143 ,  6)],
[( 123 ,  6),( 121 ,  8),( 124 ,  7),( 142 ,  5)],
[( 89 ,  6),( 91 ,  8),( 122 ,  7)],
[( 122 ,  6),( 125 ,  8),( 141 ,  8)],
[( 88 ,  6),( 124 ,  8),( 126 ,  8)],
[( 125 ,  6),( 126 ,  7)],
[( 126 ,  6),( 127 ,  7),( 140 ,  8)],
[( 127 ,  6),( 129 ,  7),( 135 ,  8),( 138 ,  6)],
[( 83 ,  6),( 87 ,  7),( 128 ,  9),( 130 ,  7)],
[( 129 ,  6),( 131 ,  7),( 352 ,  9)],
[( 130 ,  7),( 132 ,  7),( 351 ,  9)],
[( 131 ,  7),( 133 ,  7),( 344 ,  9)],
[( 132 ,  7),( 134 ,  7),( 176 ,  9)],
[( 133 ,  7),( 135 ,  7),( 174 ,  9)],
[( 128 ,  7),( 134 ,  7),( 136 ,  9)],
[( 135 ,  7),( 137 ,  7),( 172 ,  9),( 174 ,  8)],
[( 136 ,  7),( 138 ,  7),( 139 ,  9),( 172 ,  8)],
[( 127 ,  7),( 128 ,  7),( 137 ,  9),( 139 ,  8)],
[( 137 ,  7),( 138 ,  7),( 140 ,  9),( 171 ,  8)],
[( 126 ,  7),( 139 ,  7),( 141 ,  9),( 170 ,  8)],
[( 124 ,  7),( 140 ,  8),( 142 ,  9),( 169 ,  8)],
[( 122 ,  7),( 141 ,  8),( 142 ,  8),( 168 ,  8)],
[( 121 ,  7),( 142 ,  8),( 144 ,  8),( 167 ,  8)],
[( 145 ,  7),( 143 ,  8),( 166 ,  8)],
[( 120 ,  6),( 144 ,  8),( 146 ,  7),( 148 ,  8)],
[( 118 ,  6),( 145 ,  9)],
[( 148 ,  6),( 149 ,  9)],
[( 147 ,  6),( 151 ,  9),( 166 ,  6)],
[( 117 ,  6),( 147 ,  9),( 150 ,  6)],
[( 112 ,  6),( 116 ,  11),( 149 ,  5),( 151 ,  8)],
[( 148 ,  6),( 150 ,  11),( 152 ,  5),( 160 ,  8),( 163 ,  9),( 165 ,  6)],
[( 112 ,  6),( 151 ,  11),( 153 ,  5)],
[( 112 ,  6),( 152 ,  12),( 154 ,  5),( 160 ,  7)],
[( 111 ,  6),( 155 ,  12),( 153 ,  5)],
[( 107 ,  7),( 111 ,  12),( 154 ,  5),( 156 ,  7)],
[( 106 ,  7),( 155 ,  12),( 157 ,  6)],
[( 156 ,  7),( 158 ,  13)],
[( 157 ,  7),( 159 ,  13)],
[( 158 ,  7),( 160 ,  13),( 161 ,  6)],
[( 151 ,  8),( 153 ,  13),( 159 ,  6),( 161 ,  6)],
[( 159 ,  8),( 160 ,  14),( 162 ,  7)],
[( 160 ,  8),( 163 ,  14)],
[( 151 ,  8),( 162 ,  14),( 164 ,  8)],
[( 163 ,  9),( 165 ,  13),( 200 ,  9)],
[( 151 ,  9),( 166 ,  13),( 164 ,  9),( 198 ,  6)],
[( 144 ,  9),( 148 ,  13),( 165 ,  10),( 167 ,  6)],
[( 143 ,  9),( 166 ,  13),( 168 ,  10),( 198 ,  6)],
[( 142 ,  9),( 167 ,  13),( 169 ,  11),( 197 ,  6)],
[( 141 ,  9),( 168 ,  13),( 170 ,  11),( 196 ,  6)],
[( 140 ,  9),( 169 ,  11),( 171 ,  12),( 195 ,  6)],
[( 139 ,  9),( 170 ,  11),( 172 ,  12),( 194 ,  6)],
[( 136 ,  9),( 137 ,  11),( 171 ,  12),( 173 ,  6),( 192 ,  11),( 193 ,  6)],
[( 172 ,  9),( 174 ,  10),( 190 ,  13),( 192 ,  6)],
[( 134 ,  9),( 136 ,  10),( 173 ,  14),( 175 ,  6)],
[( 174 ,  9),( 176 ,  10),( 178 ,  14),( 190 ,  6)],
[( 133 ,  9),( 177 ,  9),( 175 ,  14),( 344 ,  6)],
[( 176 ,  9),( 179 ,  9),( 178 ,  15),( 337 ,  6)],
[( 174 ,  9),( 177 ,  8),( 179 ,  15),( 189 ,  6)],
[( 177 ,  9),( 178 ,  7),( 180 ,  15),( 336 ,  7)],
[( 179 ,  9),( 181 ,  7),( 183 ,  15)],
[( 180 ,  9),( 182 ,  6),( 218 ,  15)],
[( 181 ,  9),( 183 ,  6),( 184 ,  16)],
[( 178 ,  8),( 180 ,  5),( 182 ,  15),( 185 ,  7)],
[( 182 ,  8),( 185 ,  4),( 186 ,  15)],
[( 179 ,  8),( 183 ,  4),( 184 ,  15),( 187 ,  8)],
[( 184 ,  8),( 187 ,  4),( 217 ,  15),( 222 ,  8)],
[( 185 ,  8),( 186 ,  5),( 188 ,  15),( 216 ,  8)],
[( 187 ,  7),( 189 ,  5),( 191 ,  14)],
[( 178 ,  7),( 187 ,  6),( 188 ,  14),( 190 ,  8)],
[( 175 ,  7),( 173 ,  7),( 178 ,  14),( 179 ,  9),( 191 ,  9),( 192 ,  6)],
[( 188 ,  7),( 190 ,  7),( 192 ,  13)],
[( 173 ,  7),( 190 ,  8),( 191 ,  13),( 193 ,  9),( 215 ,  9)],
[( 172 ,  6),( 194 ,  8),( 192 ,  12),( 213 ,  9)],
[( 171 ,  6),( 193 ,  10),( 195 ,  11),( 211 ,  9)],
[( 170 ,  6),( 194 ,  10),( 196 ,  11),( 208 ,  9)],
[( 169 ,  6),( 195 ,  10),( 197 ,  10),( 207 ,  9)],
[( 165 ,  6),( 168 ,  11),( 196 ,  10),( 203 ,  9)],
[( 165 ,  6),( 167 ,  11),( 197 ,  10),( 199 ,  9)],
[( 198 ,  6),( 200 ,  11),( 201 ,  9),( 202 ,  10)],
[( 164 ,  6),( 199 ,  12),( 201 ,  9)],
[( 199 ,  6),( 200 ,  12),( 202 ,  9)],
[( 199 ,  6),( 201 ,  12),( 204 ,  8)],
[( 197 ,  6),( 204 ,  14),( 205 ,  8)],
[( 202 ,  6),( 203 ,  14),( 205 ,  7)],
[( 203 ,  6),( 204 ,  14),( 206 ,  6),( 207 ,  10)],
[( 205 ,  6),( 207 ,  14)],
[( 196 ,  6),( 205 ,  15),( 206 ,  5),( 208 ,  10)],
[( 195 ,  6),( 207 ,  15),( 209 ,  5),( 211 ,  10)],
[( 206 ,  6),( 208 ,  15),( 210 ,  5)],
[( 209 ,  6),( 211 ,  15),( 212 ,  4)],
[( 194 ,  6),( 203 ,  15),( 210 ,  4),( 213 ,  10)],
[( 210 ,  6),( 213 ,  15),( 214 ,  4)],
[( 193 ,  6),( 211 ,  15),( 212 ,  3),( 214 ,  9)],
[( 212 ,  6),( 213 ,  16),( 215 ,  3)],
[( 192 ,  6),( 214 ,  16),( 216 ,  4)],
[( 187 ,  6),( 215 ,  15),( 217 ,  4)],
[( 186 ,  5),( 126 ,  14)],
[( 181 ,  5),( 219 ,  14),( 331 ,  5)],
[( 218 ,  5),( 220 ,  14),( 333 ,  5)],
[( 219 ,  5),( 221 ,  14),( 328 ,  5)],
[( 220 ,  6),( 222 ,  14),( 270 ,  5),( 272 ,  9)],
[( 186 ,  6),( 221 ,  14),( 223 ,  6)],
[( 222 ,  6),( 224 ,  14),( 271 ,  6)],
[( 223 ,  6),( 225 ,  13),( 252 ,  6)],
[( 224 ,  6),( 226 ,  13)],
[( 225 ,  6),( 227 ,  13),( 250 ,  6)],
[( 226 ,  6),( 228 ,  11),( 249 ,  6)],
[( 227 ,  7),( 229 ,  11),( 249 ,  6)],
[( 228 ,  7),( 230 ,  12),( 246 ,  6)],
[( 229 ,  7),( 231 ,  11),( 497 ,  6)],
[( 230 ,  7),( 232 ,  11),( 244 ,  6)],
[( 231 ,  7),( 233 ,  11),( 242 ,  6),( 496 ,  7)],
[( 232 ,  7),( 234 ,  10),( 240 ,  7),( 495 ,  7)],
[( 233 ,  7),( 235 ,  10),( 238 ,  6),( 493 ,  6)],
[( 234 ,  7),( 236 ,  10),( 492 ,  6),( 404 ,  6)],
[( 235 ,  7),( 238 ,  9),( 237 ,  6),( 405 ,  6)],
[( 236 ,  7),( 239 ,  9),( 260 ,  6),( 405 ,  5)],
[( 234 ,  7),( 236 ,  9),( 239 ,  6),( 240 ,  5)],
[( 237 ,  7),( 238 ,  8),( 241 ,  5),( 259 ,  5)],
[( 233 ,  6),( 238 ,  8),( 241 ,  6),( 242 ,  5)],
[( 239 ,  6),( 240 ,  9),( 243 ,  6),( 258 ,  5)],
[( 232 ,  7),( 240 ,  9),( 243 ,  6),( 244 ,  6)],
[( 241 ,  7),( 242 ,  9),( 245 ,  6),( 257 ,  6)],
[( 231 ,  7),( 242 ,  8),( 245 ,  6),( 246 ,  7)],
[( 243 ,  7),( 244 ,  8),( 256 ,  5),( 248 ,  7)],
[( 229 ,  6),( 244 ,  8),( 247 ,  6)],
[( 228 ,  6),( 246 ,  8),( 248 ,  6)],
[( 245 ,  6),( 247 ,  8),( 249 ,  6),( 251 ,  7)],
[( 227 ,  6),( 248 ,  8),( 250 ,  6)],
[( 225 ,  6),( 226 ,  8),( 249 ,  6),( 251 ,  8)],
[( 248 ,  6),( 250 ,  8),( 254 ,  6)],
[( 224 ,  6),( 253 ,  8),( 271 ,  6)],
[( 252 ,  6),( 254 ,  8),( 270 ,  6)],
[( 251 ,  6),( 253 ,  8),( 255 ,  6)],
[( 254 ,  7),( 256 ,  8),( 269 ,  6)],
[( 245 ,  7),( 255 ,  8),( 257 ,  6)],
[( 243 ,  7),( 256 ,  7),( 258 ,  6),( 267 ,  9)],
[( 241 ,  8),( 257 ,  7),( 259 ,  6),( 265 ,  9)],
[( 239 ,  8),( 258 ,  7),( 260 ,  6),( 263 ,  9)],
[( 237 ,  8),( 259 ,  7),( 261 ,  6),( 407 ,  8)],
[( 260 ,  8),( 262 ,  7),( 263 ,  5)],
[( 261 ,  9),( 264 ,  6),( 277 ,  5),( 408 ,  8)],
[( 259 ,  9),( 261 ,  6),( 264 ,  5),( 265 ,  8)],
[( 262 ,  9),( 263 ,  5),( 266 ,  5),( 276 ,  8)],
[( 258 ,  9),( 263 ,  5),( 266 ,  5)],
[( 264 ,  9),( 265 ,  5),( 267 ,  5),( 275 ,  8)],
[( 257 ,  10),( 266 ,  4),( 268 ,  5)],
[( 267 ,  10),( 269 ,  4),( 274 ,  5)],
[( 255 ,  10),( 268 ,  4),( 270 ,  5),( 272 ,  7)],
[( 221 ,  10),( 253 ,  4),( 269 ,  4),( 271 ,  7)],
[( 223 ,  10),( 252 ,  4),( 270 ,  4)],
[( 221 ,  10),( 269 ,  4),( 273 ,  4),( 328 ,  7)],
[( 272 ,  10),( 274 ,  4),( 327 ,  4)],
[( 268 ,  10),( 273 ,  3),( 275 ,  4),( 326 ,  6)],
[( 266 ,  10),( 274 ,  4),( 276 ,  4)],
[( 264 ,  10),( 275 ,  4),( 277 ,  4)],
[( 262 ,  10),( 276 ,  5),( 278 ,  4)],
[( 277 ,  10),( 279 ,  6),( 411 ,  4)],
[( 278 ,  10),( 280 ,  6),( 411 ,  4)],
[( 279 ,  10),( 281 ,  6),( 414 ,  5)],
[( 280 ,  9),( 182 ,  7)],
[( 281 ,  9),( 283 ,  7),( 415 ,  5)],
[( 282 ,  9),( 284 ,  7),( 416 ,  5)],
[( 283 ,  9),( 285 ,  7),( 420 ,  5)],
[( 284 ,  9),( 286 ,  8),( 421 ,  5)],
[( 285 ,  8),( 287 ,  8),( 426 ,  5)],
[( 286 ,  8),( 288 ,  9),( 427 ,  6)],
[( 287 ,  8),( 289 ,  9),( 428 ,  7)],
[( 288 ,  8),( 290 ,  10),( 429 ,  7)],
[( 289 ,  7),( 291 ,  10),( 377 ,  7)],
[( 290 ,  7),( 292 ,  10),( 376 ,  7)],
[( 291 ,  7),( 293 ,  10),( 375 ,  7)],
[( 292 ,  7),( 294 ,  11),( 310 ,  7)],
[( 293 ,  6),( 295 ,  11),( 207 ,  7)],
[( 294 ,  6),( 296 ,  11),( 306 ,  7)],
[( 295 ,  6),( 297 ,  11),( 305 ,  7)],
[( 296 ,  6),( 298 ,  11),( 304 ,  7)],
[( 297 ,  6),( 299 ,  11),( 302 ,  7)],
[( 298 ,  6),( 300 ,  11),( 301 ,  7)],
[( 299 ,  6),( 301 ,  12)],
[( 299 ,  6),( 300 ,  12),( 302 ,  7),( 322 ,  6)],
[( 298 ,  6),( 301 ,  12),( 303 ,  7),( 320 ,  6)],
[( 302 ,  6),( 304 ,  12),( 319 ,  8)],
[( 297 ,  5),( 303 ,  12),( 305 ,  8),( 317 ,  6)],
[( 296 ,  5),( 304 ,  12),( 306 ,  8),( 315 ,  6)],
[( 295 ,  5),( 305 ,  11),( 307 ,  7),( 314 ,  6)],
[( 294 ,  5),( 206 ,  11),( 308 ,  7)],
[( 207 ,  5),( 209 ,  11),( 123 ,  7)],
[( 308 ,  5),( 310 ,  10),( 311 ,  7)],
[( 293 ,  5),( 309 ,  10),( 374 ,  7)],
[( 309 ,  4),( 312 ,  10),( 373 ,  7)],
[( 311 ,  4),( 313 ,  9),( 362 ,  8),( 363 ,  7)],
[( 308 ,  4),( 312 ,  9),( 314 ,  8),( 358 ,  8)],
[( 306 ,  4),( 313 ,  9),( 315 ,  8),( 257 ,  8)],
[( 305 ,  4),( 316 ,  8),( 314 ,  8)],
[( 315 ,  4),( 317 ,  8),( 349 ,  8)],
[( 304 ,  4),( 318 ,  7),( 316 ,  9)],
[( 317 ,  4),( 319 ,  6),( 347 ,  9)],
[( 303 ,  4),( 318 ,  6),( 320 ,  9)],
[( 302 ,  4),( 319 ,  5),( 321 ,  9)],
[( 320 ,  3),( 322 ,  5),( 341 ,  9)],
[( 301 ,  3),( 321 ,  4),( 323 ,  10)],
[( 322 ,  3),( 324 ,  4)],
[( 323 ,  3),( 325 ,  4),( 334 ,  10)],
[( 324 ,  3),( 326 ,  4),( 330 ,  10)],
[( 274 ,  4),( 325 ,  4),( 327 ,  10)],
[( 273 ,  4),( 326 ,  5),( 328 ,  10)],
[( 220 ,  4),( 272 ,  5),( 327 ,  10),( 329 ,  12)],
[( 328 ,  4),( 330 ,  5),( 331 ,  10),( 333 ,  12)],
[( 325 ,  4),( 329 ,  6)],
[( 329 ,  5),( 332 ,  6)],
[( 331 ,  5),( 333 ,  6)],
[( 219 ,  5),( 329 ,  8),( 331 ,  11)],
[( 324 ,  5),( 335 ,  8),( 340 ,  11)],
[( 334 ,  5),( 336 ,  8),( 339 ,  11)],
[( 179 ,  5),( 335 ,  8),( 337 ,  11)],
[( 177 ,  5),( 336 ,  8),( 338 ,  10),( 348 ,  12)],
[( 337 ,  5),( 339 ,  8),( 342 ,  10)],
[( 335 ,  5),( 338 ,  8),( 340 ,  10)],
[( 334 ,  5),( 339 ,  8),( 241 ,  10)],
[( 321 ,  6),( 340 ,  8),( 342 ,  10),( 347 ,  11)],
[( 338 ,  6),( 341 ,  8),( 346 ,  9),( 348 ,  11)],
[( 337 ,  6),( 342 ,  8),( 344 ,  9),( 345 ,  11)],
[( 132 ,  6),( 176 ,  8),( 343 ,  9)],
[( 343 ,  6),( 346 ,  7),( 351 ,  9)],
[( 342 ,  5),( 345 ,  7),( 347 ,  8),( 250 ,  10)],
[( 318 ,  5),( 343 ,  7),( 346 ,  8),( 248 ,  10)],
[( 347 ,  5),( 349 ,  7),( 350 ,  8),( 356 ,  9)],
[( 316 ,  5),( 348 ,  7),( 357 ,  8)],
[( 346 ,  5),( 348 ,  6),( 351 ,  7)],
[( 131 ,  5),( 345 ,  7),( 350 ,  7),( 352 ,  8)],
[( 130 ,  5),( 351 ,  7),( 353 ,  7)],
[( 85 ,  5),( 352 ,  7),( 354 ,  7)],
[( 83 ,  5),( 353 ,  6),( 355 ,  6)],
[( 82 ,  7),( 354 ,  6),( 356 ,  6),( 359 ,  7)],
[( 348 ,  7),( 355 ,  6),( 357 ,  6)],
[( 314 ,  7),( 349 ,  6),( 356 ,  6),( 358 ,  6)],
[( 313 ,  7),( 357 ,  6),( 359 ,  6)],
[( 355 ,  7),( 359 ,  6),( 360 ,  6)],
[( 82 ,  7),( 359 ,  7),( 361 ,  6),( 362 ,  6)],
[( 360 ,  8),( 362 ,  7),( 366 ,  7)],
[( 360 ,  8),( 361 ,  7),( 363 ,  7),( 312 ,  6)],
[( 312 ,  8),( 362 ,  8),( 354 ,  7)],
[( 363 ,  8),( 365 ,  8),( 370 ,  7),( 373 ,  7)],
[( 364 ,  8),( 366 ,  8),( 368 ,  8)],
[( 81 ,  8),( 361 ,  9),( 367 ,  8)],
[( 42 ,  8),( 80 ,  9),( 366 ,  8),( 368 ,  6)],
[( 365 ,  8),( 367 ,  9),( 369 ,  8)],
[( 41 ,  8),( 370 ,  9),( 368 ,  8)],
[( 364 ,  8),( 371 ,  10),( 369 ,  8)],
[( 370 ,  8),( 372 ,  10)],
[( 371 ,  8),( 373 ,  10)],
[( 311 ,  8),( 364 ,  9),( 372 ,  8),( 374 ,  7)],
[( 310 ,  8),( 373 ,  10),( 375 ,  8)],
[( 292 ,  8),( 374 ,  10),( 376 ,  8)],
[( 291 ,  8),( 375 ,  10),( 377 ,  8)],
[( 290 ,  8),( 376 ,  10),( 378 ,  8)],
[( 377 ,  7),( 379 ,  10),( 429 ,  8)],
[( 378 ,  7),( 380 ,  10),( 429 ,  8),( 439 ,  6)],
[( 379 ,  7),( 381 ,  10)],
[( 380 ,  7),( 382 ,  10),( 440 ,  7)],
[( 381 ,  7),( 383 ,  10),( 451 ,  7)],
[( 382 ,  7),( 384 ,  10),( 429 ,  7),( 455 ,  5)],
[( 383 ,  7),( 385 ,  10),( 437 ,  7)],
[( 384 ,  6),( 386 ,  10),( 433 ,  6),( 456 ,  5),( 458 ,  6)],
[( 385 ,  6),( 387 ,  10),( 433 ,  6),( 459 ,  5)],
[( 386 ,  6),( 388 ,  10),( 432 ,  6),( 460 ,  5)],
[( 387 ,  6),( 389 ,  10),( 431 ,  6),( 461 ,  5)],
[( 388 ,  6),( 390 ,  10),( 424 ,  6),( 463 ,  5)],
[( 389 ,  6),( 391 ,  10),( 423 ,  6),( 465 ,  5)],
[( 390 ,  6),( 392 ,  10),( 418 ,  6),( 466 ,  5)],
[( 391 ,  6),( 393 ,  9),( 467 ,  6),( 417 ,  6)],
[( 392 ,  6),( 394 ,  9),( 413 ,  6)],
[( 393 ,  5),( 395 ,  9),( 468 ,  6)],
[( 394 ,  5),( 396 ,  9),( 412 ,  6),( 469 ,  7)],
[( 395 ,  5),( 397 ,  9),( 412 ,  6),( 469 ,  7)],
[( 396 ,  5),( 411 ,  9),( 470 ,  7)],
[( 399 ,  5),( 411 ,  9),( 470 ,  7)],
[( 398 ,  5),( 400 ,  9),( 410 ,  7),( 472 ,  7)],
[( 399 ,  5),( 401 ,  9),( 409 ,  7),( 473 ,  7)],
[( 400 ,  5),( 402 ,  8),( 406 ,  7)],
[( 401 ,  5),( 403 ,  8),( 405 ,  7),( 474 ,  7)],
[( 402 ,  5),( 404 ,  8),( 475 ,  6),( 483 ,  7)],
[( 235 ,  5),( 403 ,  8),( 405 ,  6),( 484 ,  7)],
[( 236 ,  5),( 237 ,  8),( 402 ,  6),( 404 ,  7),( 406 ,  7)],
[( 401 ,  5),( 405 ,  9),( 407 ,  7),( 409 ,  7)],
[( 260 ,  5),( 406 ,  9),( 408 ,  7)],
[( 262 ,  5),( 407 ,  9),( 409 ,  7)],
[( 400 ,  5),( 406 ,  9),( 408 ,  7),( 410 ,  7)],
[( 277 ,  5),( 399 ,  9),( 409 ,  6),( 411 ,  7)],
[( 278 ,  5),( 279 ,  9),( 398 ,  6),( 410 ,  7),( 412 ,  7)],
[( 396 ,  5),( 411 ,  9),( 413 ,  6)],
[( 393 ,  5),( 412 ,  9),( 414 ,  6)],
[( 280 ,  5),( 413 ,  10),( 415 ,  6),( 417 ,  7)],
[( 282 ,  5),( 414 ,  10),( 416 ,  6)],
[( 283 ,  5),( 415 ,  10),( 417 ,  6),( 419 ,  6)],
[( 392 ,  6),( 414 ,  10),( 416 ,  5),( 418 ,  6)],
[( 391 ,  6),( 417 ,  10),( 419 ,  5),( 423 ,  6)],
[( 416 ,  6),( 418 ,  10),( 420 ,  5),( 422 ,  6)],
[( 284 ,  6),( 419 ,  10),( 421 ,  5)],
[( 285 ,  6),( 420 ,  10),( 422 ,  4),( 426 ,  6)],
[( 419 ,  7),( 421 ,  10),( 423 ,  4),( 425 ,  6)],
[( 390 ,  7),( 418 ,  11),( 422 ,  4),( 424 ,  6)],
[( 389 ,  7),( 423 ,  11),( 425 ,  4),( 431 ,  6)],
[( 422 ,  7),( 424 ,  11),( 426 ,  5),( 430 ,  6)],
[( 286 ,  7),( 421 ,  11),( 425 ,  5),( 427 ,  6)],
[( 287 ,  7),( 426 ,  11),( 428 ,  5),( 435 ,  6)],
[( 288 ,  7),( 427 ,  11),( 439 ,  5)],
[( 289 ,  7),( 379 ,  11),( 378 ,  5),( 428 ,  6)],
[( 425 ,  7),( 431 ,  11),( 435 ,  5)],
[( 388 ,  7),( 424 ,  11),( 430 ,  6),( 432 ,  6)],
[( 387 ,  7),( 431 ,  11),( 433 ,  6),( 434 ,  7)],
[( 385 ,  6),( 432 ,  11),( 435 ,  6),( 437 ,  7)],
[( 432 ,  6),( 435 ,  11)],
[( 428 ,  6),( 430 ,  11),( 434 ,  6),( 436 ,  7)],
[( 435 ,  6),( 437 ,  11),( 439 ,  6)],
[( 429 ,  6),( 433 ,  11),( 436 ,  7)],
[( 383 ,  6),( 437 ,  11),( 439 ,  7)],
[( 379 ,  6),( 428 ,  10),( 438 ,  6),( 436 ,  7)],
[( 381 ,  6),( 441 ,  10)],
[( 440 ,  6),( 442 ,  10),( 451 ,  6)],
[( 441 ,  6),( 443 ,  10),( 446 ,  6)],
[( 442 ,  6),( 444 ,  10)],
[( 443 ,  6),( 445 ,  9)],
[( 444 ,  6),( 446 ,  9),( 448 ,  6)],
[( 442 ,  6),( 445 ,  9),( 447 ,  6)],
[( 446 ,  6),( 448 ,  9),( 450 ,  6)],
[( 445 ,  6),( 447 ,  9),( 449 ,  7)],
[( 448 ,  6),( 450 ,  8),( 453 ,  7)],
[( 447 ,  6),( 449 ,  8),( 451 ,  7)],
[( 382 ,  6),( 441 ,  8),( 450 ,  8),( 452 ,  7)],
[( 451 ,  6),( 453 ,  8),( 455 ,  8)],
[( 449 ,  6),( 452 ,  7),( 454 ,  8)],
[( 453 ,  6),( 455 ,  7),( 457 ,  8)],
[( 452 ,  5),( 454 ,  7),( 456 ,  8)],
[( 385 ,  5),( 455 ,  7),( 457 ,  8)],
[( 454 ,  5),( 456 ,  6),( 458 ,  9)],
[( 385 ,  5),( 457 ,  6),( 459 ,  9)],
[( 386 ,  5),( 458 ,  6),( 460 ,  9)],
[( 387 ,  5),( 459 ,  6),( 461 ,  10)],
[( 388 ,  5),( 460 ,  6),( 462 ,  10)],
[( 461 ,  5),( 463 ,  6),( 464 ,  11)],
[( 389 ,  5),( 462 ,  7)],
[( 462 ,  5),( 465 ,  7),( 466 ,  11)],
[( 390 ,  5),( 464 ,  7)],
[( 391 ,  5),( 464 ,  7),( 467 ,  12)],
[( 392 ,  5),( 366 ,  8),( 468 ,  12)],
[( 394 ,  5),( 467 ,  8),( 469 ,  14)],
[( 395 ,  5),( 468 ,  8),( 470 ,  14)],
[( 398 ,  5),( 469 ,  8),( 471 ,  14)],
[( 470 ,  5),( 472 ,  9),( 474 ,  14)],
[( 399 ,  5),( 471 ,  9),( 473 ,  15)],
[( 400 ,  5),( 472 ,  9),( 474 ,  15)],
[( 402 ,  5),( 471 ,  9),( 473 ,  15),( 475 ,  13)],
[( 403 ,  6),( 474 ,  9),( 476 ,  15)],
[( 475 ,  6),( 477 ,  9),( 483 ,  15)],
[( 476 ,  6),( 478 ,  9),( 482 ,  15)],
[( 477 ,  6),( 479 ,  9),( 481 ,  15)],
[( 478 ,  6),( 480 ,  9)],
[( 479 ,  6),( 481 ,  9),( 448 ,  14)],
[( 478 ,  6),( 480 ,  8),( 482 ,  14),( 487 ,  14)],
[( 477 ,  5),( 481 ,  8),( 483 ,  14),( 486 ,  14)],
[( 403 ,  5),( 416 ,  8),( 482 ,  13),( 484 ,  14)],
[( 404 ,  5),( 483 ,  8),( 485 ,  13),( 492 ,  14)],
[( 484 ,  6),( 489 ,  8),( 490 ,  13)],
[( 482 ,  6),( 485 ,  7),( 487 ,  12)],
[( 481 ,  6),( 486 ,  7),( 488 ,  12),( 490 ,  13)],
[( 480 ,  6),( 487 ,  7),( 489 ,  12)],
[( 488 ,  6),( 490 ,  6)],
[( 485 ,  6),( 487 ,  6),( 489 ,  11),( 491 ,  12)],
[( 490 ,  6),( 492 ,  6)],
[( 235 ,  6),( 484 ,  6),( 491 ,  10),( 493 ,  12)],
[( 234 ,  6),( 492 ,  6),( 494 ,  10)],
[( 493 ,  6),( 495 ,  6)],
[( 233 ,  6),( 494 ,  6),( 496 ,  9)],
[( 232 ,  6),( 495 ,  6),( 497 ,  9),( 499 ,  10)],
[( 230 ,  6),( 496 ,  7),( 498 ,  9)],
[( 497 ,  6),( 499 ,  7)],
[( 496 ,  6),( 498 ,  7)],
